2.672897196261682 3.542056074766355 0.009345794392523364
2.1962616822429903 3.542056074766355 0.004672897196261682
1.7570093457943925 3.542056074766355 0.009345794392523364
0.4439252336448598 3.542056074766355 0.02336448598130841
2.878504672897196 3.542056074766355 0.03271028037383177
3.58411214953271 3.542056074766355 0.02336448598130841
0.8785046728971962 3.542056074766355 0.05607476635514018
4.16822429906542 3.542056074766355 0.05607476635514018
4.317757009345794 3.4906542056074765 0.018691588785046728
3.9579439252336446 3.52803738317757 0.0794392523364486
3.0607476635514015 3.5186915887850465 0.0514018691588785
1.0514018691588785 3.4859813084112146 0.03271028037383177
1.3925233644859811 3.5186915887850465 0.07476635514018691
0.04672897196261682 3.5046728971962615 0.06074766355140186
4.5140186915887845 3.4999999999999996 0.08878504672897196
0.6121495327102803 3.4766355140186915 0.05607476635514018
4.766355140186915 3.4766355140186915 0.06542056074766354
2.0934579439252334 3.453271028037383 0.0514018691588785
4.378504672897196 3.4158878504672896 0.018691588785046728
3.7383177570093453 3.481308411214953 0.08411214953271028
1.9158878504672896 3.4719626168224296 0.08411214953271028
3.233644859813084 3.448598130841121 0.06542056074766354
2.939252336448598 3.420560747663551 0.04205607476635514
2.331775700934579 3.439252336448598 0.0794392523364486
2.7710280373831773 3.420560747663551 0.07009345794392523
1.719626168224299 3.4158878504672896 0.07009345794392523
0.2616822429906542 3.453271028037383 0.11214953271028036
1.219626168224299 3.4112149532710276 0.0794392523364486
4.219626168224298 3.387850467289719 0.07476635514018691
1.5233644859813082 3.378504672897196 0.07476635514018691
4.0420560747663545 3.364485981308411 0.05607476635514018
0.43457943925233644 3.359813084112149 0.07476635514018691
2.5654205607476634 3.406542056074766 0.10747663551401869
0.6962616822429906 3.359813084112149 0.05607476635514018
0.8691588785046729 3.364485981308411 0.08878504672897196
4.61214953271028 3.364485981308411 0.09813084112149532
3.4252336448598126 3.4252336448598126 0.13551401869158877
3.8691588785046727 3.345794392523364 0.06074766355140186
1.0467289719626167 3.3411214953271027 0.0514018691588785
2.172897196261682 3.3224299065420557 0.06542056074766354
3.5887850467289715 3.3364485981308407 0.07009345794392523
3.0794392523364484 3.3130841121495322 0.07476635514018691
1.672897196261682 3.2523364485981308 0.02803738317757009
4.336448598130841 3.2757009345794392 0.05607476635514018
2.831775700934579 3.2710280373831773 0.05607476635514018
3.2803738317757007 3.2383177570093458 0.04205607476635514
4.775700934579439 3.2523364485981308 0.05607476635514018
1.3411214953271027 3.2570093457943923 0.07009345794392523
3.406542056074766 3.219626168224299 0.03271028037383177
1.8598130841121494 3.2570093457943923 0.08878504672897196
0.5654205607476636 3.2102803738317753 0.08411214953271028
2.392523364485981 3.2383177570093458 0.07009345794392523
1.1635514018691588 3.2102803738317753 0.0514018691588785
3.719626168224299 3.205607476635514 0.07476635514018691
1.5373831775700932 3.2009345794392523 0.06542056074766354
0.14485981308411214 3.2009345794392523 0.07476635514018691
4.121495327102804 3.1962616822429903 0.07476635514018691
4.485981308411215 3.2009345794392523 0.08878504672897196
0.6074766355140186 3.1214953271028034 0.018691588785046728
0.3317757009345794 3.1822429906542054 0.07476635514018691
3.906542056074766 3.172897196261682 0.07009345794392523
2.233644859813084 3.158878504672897 0.06074766355140186
2.0467289719626165 3.172897196261682 0.07476635514018691
3.3271028037383177 3.1074766355140184 0.03271028037383177
2.953271028037383 3.1495327102803734 0.07009345794392523
1.2429906542056073 3.102803738317757 0.02336448598130841
0.8925233644859812 3.163551401869159 0.17757009345794392
0.7850467289719626 3.1355140186915884 0.02336448598130841
2.55607476635514 3.1261682242990654 0.0794392523364486
4.654205607476635 3.1074766355140184 0.06074766355140186
4.775700934579439 3.0514018691588785 0.04205607476635514
1.4158878504672896 3.070093457943925 0.08878504672897196
0.5233644859813084 3.042056074766355 0.037383177570093455
3.495327102803738 3.0654205607476634 0.08878504672897196
2.364485981308411 3.037383177570093 0.05607476635514018
0.04672897196261682 3.042056074766355 0.06074766355140186
1.7056074766355138 3.0607476635514015 0.0794392523364486
4.149532710280374 3.009345794392523 0.02803738317757009
4.313084112149532 3.042056074766355 0.08411214953271028
3.1542056074766354 3.0747663551401865 0.11214953271028036
2.761682242990654 3.070093457943925 0.09813084112149532
2.158878504672897 3.009345794392523 0.06542056074766354
1.9112149532710279 3.037383177570093 0.07009345794392523
4.02803738317757 2.995327102803738 0.04205607476635514
3.8364485981308407 2.9999999999999996 0.04672897196261682
3.677570093457944 3.014018691588785 0.07476635514018691
0.6775700934579438 3.014018691588785 0.07476635514018691
4.5 2.9626168224299065 0.06074766355140186
1.3177570093457942 2.953271028037383 0.06542056074766354
4.663551401869158 2.925233644859813 0.04205607476635514
0.35514018691588783 2.9719626168224296 0.08878504672897196
2.6214953271028034 2.934579439252336 0.07009345794392523
0.5467289719626168 2.9018691588785046 0.018691588785046728
0.9999999999999999 2.9766355140186915 0.10747663551401869
1.0327102803738317 2.967289719626168 0.02336448598130841
1.5233644859813082 2.925233644859813 0.07476635514018691
4.08411214953271 2.8831775700934577 0.03271028037383177
2.9018691588785046 2.9158878504672896 0.07009345794392523
1.7897196261682242 2.9018691588785046 0.06074766355140186
2.0186915887850465 2.8878504672897196 0.04672897196261682
0.09345794392523364 2.8831775700934577 0.0794392523364486
3.5327102803738315 2.8691588785046727 0.06542056074766354
3.0934579439252334 2.8691588785046727 0.07476635514018691
4.271028037383177 2.864485981308411 0.08411214953271028
3.9299065420560746 2.8411214953271027 0.07009345794392523
2.4299065420560746 2.8551401869158877 0.08878504672897196
3.733644859813084 2.831775700934579 0.07009345794392523
1.658878504672897 2.7990654205607473 0.05607476635514018
1.1822429906542056 2.845794392523364 0.0794392523364486
0.8598130841121495 2.803738317757009 0.037383177570093455
4.434579439252336 2.7943925233644857 0.03271028037383177
2.2102803738317753 2.831775700934579 0.08878504672897196
4.69626168224299 2.7990654205607473 0.04672897196261682
3.2757009345794392 2.8224299065420557 0.08411214953271028
0.6962616822429906 2.817757009345794 0.07009345794392523
3.4859813084112146 2.7710280373831773 0.04672897196261682
0.4906542056074766 2.7990654205607473 0.0514018691588785
0.2850467289719626 2.803738317757009 0.0794392523364486
2.803738317757009 2.7570093457943923 0.0514018691588785
2.6355140186915884 2.7663551401869158 0.06542056074766354
1.0373831775700935 2.7429906542056073 0.06542056074766354
4.775700934579439 2.7149532710280373 0.014018691588785045
4.579439252336448 2.733644859813084 0.05607476635514018
2.967289719626168 2.7383177570093458 0.06542056074766354
1.8738317757009344 2.747663551401869 0.08411214953271028
4.121495327102804 2.719626168224299 0.06542056074766354
3.55607476635514 2.663551401869159 0.004672897196261682
3.4439252336448596 2.691588785046729 0.0514018691588785
1.3130841121495327 2.7102803738317753 0.07009345794392523
0.4205607476635514 2.672897196261682 0.04205607476635514
0.09813084112149532 2.6962616822429903 0.0794392523364486
2.060747663551402 2.6962616822429903 0.07476635514018691
0.5700934579439252 2.649532710280374 0.04672897196261682
4.303738317757009 2.649532710280374 0.06542056074766354
3.9906542056074765 2.644859813084112 0.04672897196261682
3.2990654205607473 2.6261682242990654 0.03271028037383177
3.481308411214953 2.6074766355140184 0.02336448598130841
2.2570093457943923 2.6401869158878504 0.07476635514018691
0.7570093457943925 2.6401869158878504 0.06542056074766354
2.873831775700934 2.6121495327102804 0.03271028037383177
3.8224299065420557 2.6355140186915884 0.07476635514018691
1.425233644859813 2.602803738317757 0.037383177570093455
0.9579439252336448 2.630841121495327 0.07476635514018691
3.6542056074766354 2.6355140186915884 0.08411214953271028
2.4719626168224296 2.630841121495327 0.08411214953271028
4.102803738317757 2.58411214953271 0.037383177570093455
1.7663551401869158 2.5794392523364484 0.04205607476635514
4.327102803738318 2.5514018691588785 0.014018691588785045
4.710280373831775 2.602803738317757 0.0794392523364486
3.1962616822429903 2.6074766355140184 0.0794392523364486
4.5 2.5934579439252334 0.0794392523364486
3.3831775700934577 2.5514018691588785 0.03271028037383177
0.014018691588785045 2.5607476635514015 0.04205607476635514
0.27102803738317754 2.574766355140187 0.0794392523364486
2.7102803738317753 2.5794392523364484 0.07476635514018691
1.4813084112149533 2.5186915887850465 0.02336448598130841
1.7383177570093458 2.481308411214953 0.009345794392523364
0.4859813084112149 2.514018691588785 0.04205607476635514
1.9299065420560746 2.5373831775700935 0.06542056074766354
3.02803738317757 2.52803738317757 0.07476635514018691
1.7523364485981308 2.4579439252336446 0.009345794392523364
3.6355140186915884 2.4626168224299065 0.014018691588785045
1.5981308411214952 2.5046728971962615 0.06074766355140186
4.0233644859813085 2.4859813084112146 0.04205607476635514
1.1869158878504673 2.5327102803738315 0.09345794392523364
0.6355140186915887 2.4906542056074765 0.06074766355140186
0.822429906542056 2.4766355140186915 0.05607476635514018
2.5467289719626165 2.481308411214953 0.06542056074766354
1.0186915887850467 2.4439252336448596 0.0514018691588785
4.327102803738318 2.439252336448598 0.037383177570093455
4.205607476635514 2.453271028037383 0.06542056074766354
2.2102803738317753 2.4859813084112146 0.08411214953271028
4.425233644859813 2.4299065420560746 0.037383177570093455
3.8364485981308407 2.448598130841121 0.06542056074766354
1.3411214953271027 2.439252336448598 0.07009345794392523
0.11682242990654204 2.439252336448598 0.07009345794392523
1.514018691588785 2.4158878504672896 0.037383177570093455
2.831775700934579 2.439252336448598 0.07009345794392523
0.0 2.3738317757009346 0.004672897196261682
3.7102803738317753 2.3971962616822426 0.037383177570093455
3.5186915887850465 2.4299065420560746 0.0794392523364486
4.154205607476635 2.3691588785046727 0.03271028037383177
4.64018691588785 2.4158878504672896 0.07009345794392523
3.2102803738317753 2.3971962616822426 0.07009345794392523
2.060747663551402 2.3831775700934577 0.07009345794392523
4.775700934579439 2.3411214953271027 0.037383177570093455
4.317757009345794 2.317757009345794 0.018691588785046728
1.1074766355140186 2.3084112149532707 0.02336448598130841
2.6355140186915884 2.345794392523364 0.07476635514018691
3.009345794392523 2.331775700934579 0.07476635514018691
1.8551401869158877 2.345794392523364 0.07476635514018691
0.9158878504672896 2.317757009345794 0.09345794392523364
2.3224299065420557 2.3271028037383177 0.07009345794392523
3.3831775700934577 2.303738317757009 0.05607476635514018
1.6542056074766354 2.3084112149532707 0.07009345794392523
0.6822429906542056 2.3130841121495327 0.07009345794392523
3.1962616822429903 2.2616822429906542 0.037383177570093455
0.23364485981308408 2.289719626168224 0.07009345794392523
4.252336448598131 2.2429906542056073 0.06074766355140186
3.7990654205607473 2.2616822429906542 0.07476635514018691
1.4018691588785046 2.2803738317757007 0.11214953271028036
0.037383177570093455 2.2523364485981308 0.06542056074766354
4.0140186915887845 2.2616822429906542 0.08411214953271028
4.485981308411215 2.2616822429906542 0.08878504672897196
3.58411214953271 2.2383177570093458 0.0794392523364486
4.658878504672897 2.2242990654205608 0.07009345794392523
2.8411214953271027 2.2289719626168223 0.07476635514018691
2.4906542056074765 2.2242990654205608 0.06074766355140186
0.4859813084112149 2.233644859813084 0.08878504672897196
4.700934579439252 2.144859813084112 0.004672897196261682
0.794392523364486 2.177570093457944 0.04672897196261682
2.172897196261682 2.1962616822429903 0.07009345794392523
1.9766355140186915 2.191588785046729 0.07009345794392523
1.2056074766355138 2.1869158878504673 0.07009345794392523
1.014018691588785 2.163551401869159 0.06542056074766354
3.0654205607476634 2.177570093457944 0.0794392523364486
0.3364485981308411 2.130841121495327 0.037383177570093455
2.939252336448598 2.1214953271028034 0.04205607476635514
0.6214953271028036 2.1261682242990654 0.04672897196261682
3.2570093457943923 2.102803738317757 0.018691588785046728
1.7943925233644857 2.1401869158878504 0.07009345794392523
1.5934579439252334 2.130841121495327 0.06542056074766354
3.3364485981308407 2.130841121495327 0.07009345794392523
2.331775700934579 2.1214953271028034 0.07009345794392523
2.6682242990654204 2.1401869158878504 0.0794392523364486
0.4532710280373831 2.070093457943925 0.014018691588785045
0.1308411214953271 2.1121495327102804 0.07009345794392523
1.3598130841121494 2.0934579439252334 0.07009345794392523
1.4859813084112148 2.042056074766355 0.004672897196261682
4.350467289719626 2.08411214953271 0.07009345794392523
4.074766355140187 2.0654205607476634 0.04205607476635514
4.654205607476635 2.02803738317757 0.014018691588785045
0.9205607476635513 2.0467289719626165 0.06074766355140186
4.728971962616822 2.02803738317757 0.03271028037383177
3.8971962616822426 2.074766355140187 0.102803738317757
3.1822429906542054 2.05607476635514 0.06074766355140186
1.0327102803738317 2.014018691588785 0.02336448598130841
2.495327102803738 2.0373831775700935 0.05607476635514018
1.1261682242990654 2.0233644859813085 0.04672897196261682
0.7570093457943925 2.014018691588785 0.037383177570093455
3.0794392523364484 2.009345794392523 0.037383177570093455
0.23364485981308408 2.0186915887850465 0.06074766355140186
3.6355140186915884 2.0373831775700935 0.07476635514018691
3.4719626168224296 2.0186915887850465 0.0514018691588785
3.2663551401869158 1.9719626168224298 0.014018691588785045
4.5420560747663545 2.02803738317757 0.07009345794392523
2.0794392523364484 2.0233644859813085 0.08411214953271028
2.6261682242990654 1.9485981308411213 0.04672897196261682
1.6682242990654204 1.967289719626168 0.04672897196261682
0.018691588785046728 1.953271028037383 0.04672897196261682
4.238317757009345 1.9859813084112148 0.08878504672897196
1.8925233644859811 1.9626168224299063 0.06542056074766354
2.345794392523364 1.9485981308411213 0.06074766355140186
0.8644859813084111 1.9112149532710279 0.02336448598130841
0.6121495327102803 1.9626168224299063 0.08411214953271028
1.5186915887850465 1.953271028037383 0.07009345794392523
2.05607476635514 1.8831775700934579 0.004672897196261682
2.859813084112149 1.981308411214953 0.10747663551401869
4.401869158878505 1.9018691588785046 0.06542056074766354
1.3504672897196262 1.9205607476635513 0.07009345794392523
1.1915887850467288 1.8785046728971961 0.037383177570093455
3.3364485981308407 1.8925233644859811 0.07009345794392523
2.1822429906542054 1.8785046728971961 0.0514018691588785
3.8971962616822426 1.8878504672897194 0.08878504672897196
0.1588785046728972 1.8411214953271027 0.0794392523364486
4.728971962616822 1.8457943925233644 0.06074766355140186
4.1168224299065415 1.8785046728971961 0.0794392523364486
1.0233644859813082 1.8644859813084111 0.0794392523364486
0.40186915887850466 1.8971962616822429 0.102803738317757
1.5841121495327102 1.8317757009345792 0.04205607476635514
3.514018691588785 1.8457943925233644 0.06074766355140186
2.495327102803738 1.8457943925233644 0.06542056074766354
1.7710280373831775 1.8317757009345792 0.06074766355140186
4.565420560747663 1.8271028037383177 0.0514018691588785
3.700934579439252 1.8411214953271027 0.07476635514018691
3.037383177570093 1.8271028037383177 0.06542056074766354
1.733644859813084 1.7803738317757007 0.02336448598130841
0.8130841121495327 1.8130841121495325 0.07476635514018691
1.9345794392523363 1.7803738317757007 0.07009345794392523
0.0 1.7663551401869158 0.0514018691588785
2.317757009345794 1.7710280373831775 0.06074766355140186
3.364485981308411 1.7289719626168223 0.04205607476635514
2.691588785046729 1.7803738317757007 0.08878504672897196
4.387850467289719 1.747663551401869 0.08411214953271028
3.9906542056074765 1.7383177570093458 0.0514018691588785
0.6074766355140186 1.7429906542056073 0.07476635514018691
0.411214953271028 1.7056074766355138 0.037383177570093455
0.1261682242990654 1.7102803738317756 0.04672897196261682
2.9158878504672896 1.7242990654205606 0.07009345794392523
3.191588785046729 1.7242990654205606 0.07476635514018691
1.1682242990654206 1.7149532710280373 0.06074766355140186
2.144859813084112 1.7149532710280373 0.06542056074766354
3.0514018691588785 1.6775700934579438 0.02803738317757009
1.6074766355140186 1.6635514018691588 0.02336448598130841
4.5514018691588785 1.6635514018691588 0.037383177570093455
2.5 1.658878504672897 0.07476635514018691
1.4112149532710279 1.7056074766355138 0.11682242990654204
0.9859813084112149 1.6635514018691588 0.07476635514018691
4.733644859813084 1.6635514018691588 0.07009345794392523
3.8130841121495322 1.6635514018691588 0.08411214953271028
4.158878504672897 1.658878504672897 0.08411214953271028
3.5186915887850465 1.6495327102803736 0.07476635514018691
4.481308411214953 1.6074766355140186 0.037383177570093455
2.3130841121495327 1.6074766355140186 0.04672897196261682
0.7897196261682242 1.602803738317757 0.05607476635514018
2.7663551401869158 1.6074766355140186 0.07009345794392523
2.158878504672897 1.5467289719626167 0.014018691588785045
4.313084112149532 1.588785046728972 0.06542056074766354
0.2803738317757009 1.5981308411214952 0.08411214953271028
1.7803738317757007 1.5794392523364484 0.09813084112149532
3.1682242990654204 1.5186915887850465 0.009345794392523364
2.0046728971962615 1.5841121495327102 0.08878504672897196
0.02336448598130841 1.5186915887850465 0.014018691588785045
2.6214953271028034 1.5327102803738317 0.05607476635514018
3.317757009345794 1.5514018691588785 0.0794392523364486
3.658878504672897 1.542056074766355 0.06542056074766354
0.1308411214953271 1.4906542056074765 0.02803738317757009
1.2242990654205606 1.5373831775700932 0.0794392523364486
2.967289719626168 1.5373831775700932 0.0794392523364486
0.5560747663551402 1.5467289719626167 0.102803738317757
3.995327102803738 1.5233644859813082 0.0794392523364486
0.7523364485981308 1.4626168224299065 0.04205607476635514
2.453271028037383 1.4766355140186915 0.06542056074766354
1.6074766355140186 1.4859813084112148 0.07009345794392523
1.4112149532710279 1.4766355140186915 0.07009345794392523
3.4906542056074765 1.4485981308411213 0.0514018691588785
0.9485981308411214 1.4766355140186915 0.0794392523364486
4.672897196261682 1.467289719626168 0.07476635514018691
4.467289719626168 1.4579439252336448 0.07476635514018691
2.6121495327102804 1.4065420560747663 0.037383177570093455
0.23364485981308408 1.4205607476635513 0.04205607476635514
2.2710280373831773 1.4439252336448598 0.07009345794392523
2.7663551401869158 1.4112149532710279 0.06542056074766354
4.224299065420561 1.4299065420560746 0.08878504672897196
3.831775700934579 1.4065420560747663 0.09345794392523364
0.3177570093457944 1.3457943925233644 0.004672897196261682
1.7757009345794392 1.3878504672897196 0.07476635514018691
2.08411214953271 1.4018691588785046 0.07476635514018691
1.144859813084112 1.3831775700934579 0.07476635514018691
4.761682242990654 1.336448598130841 0.03271028037383177
3.630841121495327 1.3504672897196262 0.05607476635514018
3.1495327102803734 1.3738317757009344 0.0794392523364486
2.953271028037383 1.3317757009345794 0.07009345794392523
0.836448598130841 1.336448598130841 0.04205607476635514
3.345794392523364 1.3457943925233644 0.07009345794392523
0.47663551401869153 1.336448598130841 0.0514018691588785
2.4018691588785046 1.3271028037383177 0.04672897196261682
0.6401869158878504 1.3271028037383177 0.06542056074766354
2.9439252336448596 1.2757009345794392 0.009345794392523364
4.0607476635514015 1.308411214953271 0.07009345794392523
1.5373831775700932 1.3271028037383177 0.07476635514018691
3.7663551401869158 1.2710280373831775 0.04205607476635514
0.09345794392523364 1.3271028037383177 0.102803738317757
0.11682242990654204 1.336448598130841 0.02336448598130841
0.07009345794392523 1.2850467289719625 0.02336448598130841
4.593457943925233 1.2803738317757007 0.06074766355140186
4.0327102803738315 1.219626168224299 0.014018691588785045
3.4859813084112146 1.261682242990654 0.04672897196261682
1.8878504672897194 1.2523364485981308 0.05607476635514018
1.3457943925233644 1.2757009345794392 0.0794392523364486
4.401869158878505 1.2523364485981308 0.09345794392523364
2.2289719626168223 1.247663551401869 0.06542056074766354
0.3177570093457944 1.2289719626168223 0.0514018691588785
2.7570093457943923 1.2289719626168223 0.06074766355140186
2.574766355140187 1.2429906542056073 0.09345794392523364
2.4018691588785046 1.1915887850467288 0.02336448598130841
0.9626168224299064 1.2383177570093458 0.07009345794392523
0.7476635514018691 1.2149532710280373 0.06074766355140186
0.5607476635514018 1.1869158878504673 0.018691588785046728
2.9158878504672896 1.2009345794392523 0.04672897196261682
0.47196261682242985 1.1822429906542056 0.02803738317757009
4.630841121495327 1.1542056074766354 0.004672897196261682
4.383177570093458 1.172897196261682 0.02803738317757009
3.102803738317757 1.1822429906542056 0.05607476635514018
1.6962616822429906 1.1915887850467288 0.08878504672897196
3.630841121495327 1.1822429906542056 0.06542056074766354
2.060747663551402 1.1869158878504673 0.0794392523364486
3.303738317757009 1.1682242990654206 0.07476635514018691
4.752336448598131 1.1635514018691588 0.07476635514018691
1.144859813084112 1.158878504672897 0.0794392523364486
0.8551401869158878 1.116822429906542 0.04205607476635514
0.0 1.116822429906542 0.037383177570093455
4.5140186915887845 1.1121495327102804 0.037383177570093455
4.387850467289719 1.0794392523364484 0.009345794392523364
3.981308411214953 1.144859813084112 0.0794392523364486
0.6635514018691588 1.1121495327102804 0.0514018691588785
4.205607476635514 1.144859813084112 0.08878504672897196
3.495327102803738 1.088785046728972 0.037383177570093455
3.817757009345794 1.1121495327102804 0.0794392523364486
0.16355140186915887 1.0981308411214952 0.08411214953271028
0.7289719626168224 1.02803738317757 0.02336448598130841
1.9485981308411213 1.0560747663551402 0.05607476635514018
2.574766355140187 1.0514018691588785 0.07476635514018691
1.3317757009345794 1.0560747663551402 0.06542056074766354
0.3644859813084112 1.0514018691588785 0.06074766355140186
2.995327102803738 1.0467289719626167 0.0794392523364486
2.9766355140186915 0.9766355140186915 0.004672897196261682
3.1542056074766354 0.9906542056074765 0.03271028037383177
2.144859813084112 1.0046728971962615 0.04672897196261682
0.5280373831775701 1.014018691588785 0.06074766355140186
2.303738317757009 1.042056074766355 0.09813084112149532
1.602803738317757 1.0186915887850467 0.07476635514018691
4.4766355140186915 0.9626168224299064 0.03271028037383177
4.317757009345794 0.9813084112149532 0.06074766355140186
0.05607476635514018 0.9672897196261682 0.06074766355140186
2.4859813084112146 0.9813084112149532 0.04672897196261682
3.6635514018691584 0.9906542056074765 0.0794392523364486
2.3831775700934577 0.9766355140186915 0.05607476635514018
1.0841121495327102 0.9859813084112149 0.06074766355140186
4.654205607476635 0.9953271028037383 0.08411214953271028
1.658878504672897 0.925233644859813 0.004672897196261682
1.7710280373831775 0.9859813084112149 0.0794392523364486
2.5794392523364484 0.925233644859813 0.02803738317757009
2.6822429906542054 0.9065420560747662 0.009345794392523364
3.3411214953271027 0.9766355140186915 0.08411214953271028
0.9392523364485981 0.9532710280373831 0.07476635514018691
0.7429906542056074 0.9299065420560747 0.04205607476635514
3.9112149532710276 0.925233644859813 0.0794392523364486
0.23831775700934577 0.911214953271028 0.04205607476635514
3.4859813084112146 0.9158878504672896 0.05607476635514018
4.107476635514018 0.9299065420560747 0.07476635514018691
2.7523364485981308 0.9392523364485981 0.09345794392523364
1.439252336448598 0.8971962616822429 0.07476635514018691
3.7850467289719623 0.8691588785046729 0.02803738317757009
1.2149532710280373 0.8831775700934579 0.06542056074766354
4.766355140186915 0.8551401869158878 0.03271028037383177
0.40186915887850466 0.8691588785046729 0.06074766355140186
4.411214953271028 0.8457943925233644 0.06074766355140186
0.5841121495327103 0.8411214953271028 0.06074766355140186
1.5514018691588785 0.808411214953271 0.03271028037383177
0.8878504672897196 0.7897196261682242 0.018691588785046728
4.242990654205607 0.794392523364486 0.07009345794392523
1.850467289719626 0.7990654205607476 0.04205607476635514
4.098130841121495 0.7710280373831775 0.018691588785046728
3.05607476635514 0.8271028037383177 0.07476635514018691
2.0233644859813085 0.822429906542056 0.09345794392523364
0.9953271028037383 0.7850467289719626 0.04205607476635514
3.9439252336448596 0.7803738317757009 0.0794392523364486
3.2289719626168223 0.7990654205607476 0.05607476635514018
2.4579439252336446 0.7990654205607476 0.06542056074766354
3.626168224299065 0.7897196261682242 0.07476635514018691
1.4626168224299065 0.7523364485981308 0.018691588785046728
4.47196261682243 0.7663551401869159 0.04205607476635514
4.602803738317757 0.794392523364486 0.07476635514018691
0.07476635514018691 0.808411214953271 0.08878504672897196
2.2616822429906542 0.7523364485981308 0.04672897196261682
1.7009345794392523 0.7710280373831775 0.07476635514018691
4.378504672897196 0.7289719626168224 0.02336448598130841
1.8551401869158877 0.7056074766355139 0.009345794392523364
0.3037383177570093 0.7476635514018691 0.06074766355140186
4.280373831775701 0.7149532710280373 0.02803738317757009
3.873831775700934 0.719626168224299 0.03271028037383177
1.322429906542056 0.7476635514018691 0.06542056074766354
2.7242990654205603 0.6822429906542056 0.004672897196261682
2.663551401869159 0.7429906542056074 0.08411214953271028
3.4158878504672896 0.7242990654205607 0.07476635514018691
2.878504672897196 0.7383177570093458 0.07009345794392523
0.49532710280373826 0.6962616822429906 0.03271028037383177
4.757009345794392 0.6962616822429906 0.0514018691588785
3.9579439252336446 0.6822429906542056 0.037383177570093455
0.9345794392523363 0.6822429906542056 0.04205607476635514
1.1355140186915886 0.7056074766355139 0.06074766355140186
1.5654205607476634 0.6635514018691588 0.02336448598130841
1.7803738317757007 0.6448598130841121 0.03271028037383177
0.7383177570093458 0.7056074766355139 0.09345794392523364
2.5654205607476634 0.630841121495327 0.037383177570093455
2.1074766355140184 0.6261682242990654 0.037383177570093455
1.953271028037383 0.616822429906542 0.07009345794392523
0.1542056074766355 0.6401869158878504 0.06542056074766354
0.9766355140186915 0.5887850467289719 0.009345794392523364
1.5747663551401867 0.5841121495327103 0.02336448598130841
0.8504672897196262 0.5654205607476636 0.018691588785046728
0.42990654205607476 0.5654205607476636 0.02336448598130841
0.3037383177570093 0.5841121495327103 0.04672897196261682
3.5747663551401865 0.5841121495327103 0.04205607476635514
3.8364485981308407 0.5700934579439252 0.03271028037383177
3.05607476635514 0.6121495327102803 0.07476635514018691
3.439252336448598 0.5747663551401869 0.037383177570093455
2.4112149532710276 0.6028037383177569 0.08878504672897196
1.439252336448598 0.5934579439252337 0.06542056074766354
4.677570093457944 0.5607476635514018 0.037383177570093455
1.0607476635514017 0.5420560747663551 0.02803738317757009
3.233644859813084 0.5934579439252337 0.08878504672897196
2.8831775700934577 0.5560747663551402 0.0514018691588785
0.7663551401869159 0.5186915887850467 0.014018691588785045
4.4766355140186915 0.5794392523364486 0.09813084112149532
4.5 0.6121495327102803 0.02336448598130841
4.775700934579439 0.5186915887850467 0.02803738317757009
0.5934579439252337 0.5467289719626168 0.07009345794392523
4.247663551401869 0.5373831775700935 0.08411214953271028
4.0514018691588785 0.5280373831775701 0.05607476635514018
3.509345794392523 0.47196261682242985 0.004672897196261682
1.2663551401869158 0.5327102803738317 0.07476635514018691
0.11214953271028036 0.49532710280373826 0.04205607476635514
2.2242990654205608 0.5186915887850467 0.07009345794392523
0.0 0.49999999999999994 0.04672897196261682
2.6121495327102804 0.49999999999999994 0.07009345794392523
1.8411214953271027 0.49999999999999994 0.08878504672897196
0.9392523364485981 0.46728971962616817 0.04672897196261682
1.4999999999999998 0.4392523364485981 0.04205607476635514
4.621495327102803 0.4439252336448598 0.05607476635514018
1.8644859813084111 0.411214953271028 0.018691588785046728
3.1495327102803734 0.4205607476635514 0.03271028037383177
3.5654205607476634 0.40186915887850466 0.018691588785046728
2.042056074766355 0.44859813084112143 0.06542056074766354
0.2616822429906542 0.37850467289719625 0.004672897196261682
2.789719626168224 0.4252336448598131 0.06542056074766354
0.32242990654205606 0.43457943925233644 0.0794392523364486
1.9485981308411213 0.37383177570093457 0.009345794392523364
2.995327102803738 0.397196261682243 0.08411214953271028
0.5093457943925234 0.3925233644859813 0.04672897196261682
3.7242990654205603 0.5420560747663551 0.2102803738317757
3.4859813084112146 0.34579439252336447 0.014018691588785045
3.3271028037383177 0.3878504672897196 0.08411214953271028
3.906542056074766 0.37383177570093457 0.08411214953271028
2.995327102803738 0.308411214953271 0.018691588785046728
4.415887850467289 0.3598130841121495 0.07476635514018691
0.7056074766355139 0.3598130841121495 0.0794392523364486
1.3504672897196262 0.34579439252336447 0.06542056074766354
4.724299065420561 0.32242990654205606 0.0514018691588785
4.074766355140187 0.32710280373831774 0.06074766355140186
0.22429906542056072 0.2757009345794392 0.009345794392523364
1.5514018691588785 0.3130841121495327 0.06542056074766354
1.9579439252336448 0.2897196261682243 0.03271028037383177
4.228971962616822 0.32242990654205606 0.07009345794392523
3.1214953271028034 0.2897196261682243 0.037383177570093455
2.420560747663551 0.35046728971962615 0.10747663551401869
2.2149532710280373 0.2897196261682243 0.07476635514018691
0.05607476635514018 0.308411214953271 0.08411214953271028
1.144859813084112 0.3177570093457944 0.09813084112149532
0.40186915887850466 0.26635514018691586 0.06074766355140186
4.5514018691588785 0.2570093457943925 0.07476635514018691
4.5700934579439245 0.2897196261682243 0.02803738317757009
2.859813084112149 0.2523364485981308 0.06074766355140186
1.2757009345794392 0.2102803738317757 0.014018691588785045
1.747663551401869 0.2523364485981308 0.06542056074766354
0.8971962616822429 0.26635514018691586 0.07476635514018691
3.686915887850467 0.2616822429906542 0.0794392523364486
3.2523364485981308 0.2289719626168224 0.0514018691588785
0.5747663551401869 0.21962616822429906 0.05607476635514018
4.509345794392523 0.1822429906542056 0.02336448598130841
2.644859813084112 0.2523364485981308 0.102803738317757
4.280373831775701 0.16822429906542055 0.014018691588785045
4.11214953271028 0.19158878504672897 0.04205607476635514
2.9906542056074765 0.1588785046728972 0.04205607476635514
0.7383177570093458 0.16822429906542055 0.03271028037383177
3.037383177570093 0.13551401869158877 0.009345794392523364
3.462616822429906 0.18691588785046728 0.0794392523364486
0.0 0.1308411214953271 0.014018691588785045
4.775700934579439 0.16355140186915887 0.05607476635514018
0.2757009345794392 0.14018691588785046 0.04672897196261682
3.878504672897196 0.1588785046728972 0.0794392523364486
1.425233644859813 0.1542056074766355 0.08878504672897196
2.1261682242990654 0.11214953271028036 0.04672897196261682
1.8925233644859811 0.1261682242990654 0.09813084112149532
1.6401869158878504 0.1261682242990654 0.0514018691588785
3.1401869158878504 0.1261682242990654 0.05607476635514018
4.425233644859813 0.10747663551401869 0.04672897196261682
0.12149532710280372 0.102803738317757 0.05607476635514018
3.9906542056074765 0.08411214953271028 0.0514018691588785
1.0373831775700935 0.11214953271028036 0.07009345794392523
2.9766355140186915 0.06542056074766354 0.04672897196261682
3.686915887850467 0.06074766355140186 0.08411214953271028
4.766355140186915 0.009345794392523364 0.014018691588785045
4.630841121495327 0.07009345794392523 0.0794392523364486
4.313084112149532 0.0 0.06074766355140186
4.149532710280374 0.03271028037383177 0.06074766355140186
3.514018691588785 0.009345794392523364 0.04205607476635514
3.3224299065420557 0.02803738317757009 0.08411214953271028
2.7990654205607473 0.07009345794392523 0.07009345794392523
2.616822429906542 0.02803738317757009 0.06074766355140186
2.4299065420560746 0.018691588785046728 0.0514018691588785
2.2523364485981308 0.004672897196261682 0.05607476635514018
2.060747663551402 0.0 0.03271028037383177
1.8878504672897194 0.018691588785046728 0.02336448598130841
1.7242990654205606 0.0 0.04672897196261682
1.52803738317757 0.004672897196261682 0.05607476635514018
1.3317757009345794 0.009345794392523364 0.04672897196261682
1.1682242990654206 0.004672897196261682 0.037383177570093455
0.8317757009345794 0.009345794392523364 0.07476635514018691
0.630841121495327 0.04672897196261682 0.07009345794392523
0.4392523364485981 0.07476635514018691 0.0794392523364486
0.29906542056074764 0.0 0.03271028037383177
