1.8064516129032258 3.493087557603687 0.018433179723502304
2.7557603686635943 3.493087557603687 0.009216589861751152
2.1889400921658986 3.493087557603687 0.004608294930875576
4.258064516129032 3.493087557603687 0.04608294930875576
0.8709677419354839 3.493087557603687 0.02304147465437788
3.087557603686636 3.493087557603687 0.04608294930875576
0.28110599078341014 3.4838709677419355 0.02304147465437788
2.096774193548387 3.493087557603687 0.03225806451612903
0.02304147465437788 3.47926267281106 0.027649769585253454
1.4377880184331797 3.493087557603687 0.041474654377880185
0.7050691244239631 3.488479262672811 0.05069124423963134
4.67741935483871 3.474654377880184 0.041474654377880185
4.3963133640553 3.474654377880184 0.03225806451612903
3.9400921658986174 3.488479262672811 0.05069124423963134
2.47926267281106 3.4700460829493087 0.04608294930875576
2.3502304147465436 3.4654377880184333 0.05069124423963134
4.52073732718894 3.474654377880184 0.05069124423963134
2.6313364055299537 3.4608294930875574 0.05069124423963134
3.5668202764976957 3.474654377880184 0.0967741935483871
3.2672811059907834 3.4654377880184333 0.059907834101382486
2.935483870967742 3.4331797235023043 0.03225806451612903
2.7465437788018434 3.4193548387096775 0.018433179723502304
1.9723502304147464 3.456221198156682 0.05069124423963134
3.3963133640552994 3.423963133640553 0.02304147465437788
1.2488479262672811 3.4838709677419355 0.08294930875576037
2.834101382488479 3.447004608294931 0.05529953917050691
2.377880184331797 3.410138248847926 0.02304147465437788
0.5161290322580645 3.4654377880184333 0.06451612903225806
0.3548387096774194 3.447004608294931 0.05069124423963134
4.341013824884793 3.4055299539170507 0.027649769585253454
2.8940092165898617 3.3870967741935485 0.013824884792626727
1.6221198156682028 3.442396313364055 0.08294930875576037
2.2995391705069124 3.3824884792626726 0.009216589861751152
1.0368663594470047 3.4331797235023043 0.07373271889400922
1.3824884792626728 3.3732718894009217 0.041474654377880185
0.15207373271889402 3.423963133640553 0.07834101382488479
4.428571428571429 3.391705069124424 0.04608294930875576
3.7465437788018434 3.4055299539170507 0.07834101382488479
0.8525345622119815 3.3732718894009217 0.041474654377880185
4.0691244239631335 3.4009216589861753 0.07834101382488479
0.04608294930875576 3.3686635944700463 0.05069124423963134
4.622119815668203 3.3640552995391704 0.041474654377880185
2.506912442396313 3.3317972350230414 0.041474654377880185
3.1382488479262673 3.3502304147465436 0.05529953917050691
2.1705069124423964 3.3364055299539173 0.06912442396313365
1.8248847926267282 3.3502304147465436 0.06912442396313365
4.248847926267281 3.3317972350230414 0.06912442396313365
2.7235023041474653 3.313364055299539 0.07834101382488479
1.2857142857142858 3.2903225806451615 0.03225806451612903
1.1612903225806452 3.3087557603686637 0.07834101382488479
3.7004608294930876 3.2672811059907834 0.03686635944700461
3.5345622119815667 3.294930875576037 0.09216589861751152
3.8525345622119818 3.304147465437788 0.08294930875576037
0.6728110599078341 3.313364055299539 0.07834101382488479
0.2857142857142857 3.271889400921659 0.08294930875576037
2.3087557603686637 3.230414746543779 0.041474654377880185
1.976958525345622 3.262672811059908 0.07834101382488479
3.3179723502304146 3.2672811059907834 0.08294930875576037
1.4470046082949308 3.23963133640553 0.07373271889400922
3.7327188940092166 3.1797235023041472 0.004608294930875576
1.6774193548387097 3.216589861751152 0.09216589861751152
0.07373271889400922 3.216589861751152 0.059907834101382486
2.1244239631336406 3.165898617511521 0.03225806451612903
4.67741935483871 3.184331797235023 0.04608294930875576
0.8294930875576036 3.207373271889401 0.08294930875576037
0.4976958525345622 3.2119815668202767 0.08755760368663594
4.1013824884792625 3.193548387096774 0.09216589861751152
2.442396313364055 3.1889400921658986 0.06912442396313365
2.9723502304147464 3.230414746543779 0.12442396313364056
1.423963133640553 3.1152073732718892 0.018433179723502304
3.986175115207373 3.1474654377880182 0.07373271889400922
1.023041474654378 3.165898617511521 0.08755760368663594
2.7557603686635943 3.1382488479262673 0.06912442396313365
1.262672811059908 3.133640552995392 0.08294930875576037
0.22580645161290322 3.1059907834101383 0.06451612903225806
3.1566820276497696 3.133640552995392 0.07834101382488479
2.9953917050691246 3.055299539170507 0.027649769585253454
4.290322580645161 3.0921658986175116 0.06451612903225806
4.539170506912442 3.1705069124423964 0.15668202764976957
3.4331797235023043 3.0276497695852536 0.013824884792626727
1.967741935483871 3.0829493087557602 0.07834101382488479
2.557603686635945 3.032258064516129 0.02304147465437788
0.39631336405529954 3.0599078341013826 0.05529953917050691
3.7972350230414746 3.0737327188940093 0.07834101382488479
3.5806451612903225 3.1059907834101383 0.1336405529953917
3.543778801843318 3.087557603686636 0.02304147465437788
0.7419354838709677 3.046082949308756 0.059907834101382486
2.6451612903225805 3.087557603686636 0.1152073732718894
0.5898617511520737 3.0414746543778803 0.07373271889400922
4.695852534562212 3.0092165898617513 0.04608294930875576
0.02304147465437788 3.0230414746543777 0.06451612903225806
4.442396313364055 2.9907834101382487 0.059907834101382486
2.838709677419355 3.0 0.05069124423963134
1.7327188940092166 3.0414746543778803 0.0967741935483871
3.3410138248847927 3.0276497695852536 0.08755760368663594
2.493087557603687 2.9907834101382487 0.05069124423963134
2.313364055299539 3.0092165898617513 0.08294930875576037
1.5161290322580645 2.986175115207373 0.07373271889400922
3.0184331797235022 2.9585253456221197 0.06912442396313365
0.2119815668202765 2.953917050691244 0.07834101382488479
3.184331797235023 2.9400921658986174 0.05069124423963134
1.3456221198156681 2.9631336405529956 0.06912442396313365
4.1981566820276495 2.9493087557603688 0.06912442396313365
0.9631336405529954 2.967741935483871 0.0967741935483871
1.1705069124423964 2.944700460829493 0.07373271889400922
4.373271889400922 2.912442396313364 0.06451612903225806
3.6820276497695854 2.8986175115207375 0.059907834101382486
3.9631336405529956 2.9400921658986174 0.0967741935483871
0.45161290322580644 2.889400921658986 0.06912442396313365
1.8341013824884793 2.8940092165898617 0.07373271889400922
2.0276497695852536 2.8940092165898617 0.08294930875576037
4.599078341013825 2.8525345622119818 0.06912442396313365
2.6820276497695854 2.866359447004608 0.0967741935483871
2.2211981566820276 2.870967741935484 0.08294930875576037
0.8525345622119815 2.870967741935484 0.09216589861751152
3.4654377880184333 2.847926267281106 0.07373271889400922
4.267281105990784 2.8110599078341014 0.041474654377880185
2.442396313364055 2.834101382488479 0.06912442396313365
0.041474654377880185 2.834101382488479 0.07373271889400922
2.889400921658986 2.8202764976958523 0.05529953917050691
1.6359447004608294 2.8202764976958523 0.07373271889400922
2.096774193548387 2.7649769585253456 0.009216589861751152
0.6589861751152074 2.8294930875576036 0.08294930875576037
1.4377880184331797 2.792626728110599 0.06912442396313365
3.064516129032258 2.792626728110599 0.06451612903225806
1.0599078341013826 2.7880184331797233 0.06451612903225806
3.271889400921659 2.792626728110599 0.07834101382488479
2.769585253456221 2.737327188940092 0.02304147465437788
1.8341013824884793 2.7419354838709675 0.027649769585253454
4.1013824884792625 2.774193548387097 0.07834101382488479
2.1244239631336406 2.7096774193548385 0.009216589861751152
3.921658986175115 2.7465437788018434 0.05529953917050691
3.751152073732719 2.774193548387097 0.08294930875576037
0.7419354838709677 2.7004608294930876 0.02304147465437788
4.414746543778802 2.7465437788018434 0.06912442396313365
1.2442396313364055 2.7465437788018434 0.07373271889400922
3.585253456221198 2.7142857142857144 0.05069124423963134
0.48847926267281105 2.7142857142857144 0.06912442396313365
2.6036866359447006 2.71889400921659 0.06912442396313365
4.7050691244239635 2.7004608294930876 0.059907834101382486
4.576036866359447 2.6820276497695854 0.04608294930875576
0.11059907834101382 2.654377880184332 0.013824884792626727
0.0 2.6497695852534564 0.009216589861751152
2.2764976958525347 2.695852534562212 0.059907834101382486
3.423963133640553 2.6635944700460827 0.04608294930875576
1.695852534562212 2.6635944700460827 0.05069124423963134
3.6129032258064515 2.6267281105990783 0.009216589861751152
0.9032258064516129 2.6774193548387095 0.06451612903225806
1.9907834101382489 2.6635944700460827 0.08294930875576037
1.8341013824884793 2.640552995391705 0.03686635944700461
0.6267281105990783 2.6359447004608296 0.027649769585253454
3.539170506912442 2.608294930875576 0.027649769585253454
3.6589861751152073 2.585253456221198 0.027649769585253454
2.447004608294931 2.6175115207373274 0.08755760368663594
2.9308755760368665 2.6359447004608296 0.07373271889400922
2.589861751152074 2.5622119815668203 0.009216589861751152
1.3963133640552996 2.6129032258064515 0.07834101382488479
4.23963133640553 2.6129032258064515 0.08294930875576037
2.7235023041474653 2.5944700460829493 0.07373271889400922
2.165898617511521 2.5806451612903225 0.06451612903225806
2.152073732718894 2.576036866359447 0.02304147465437788
1.0737327188940091 2.5944700460829493 0.08294930875576037
3.1244239631336406 2.5990783410138247 0.08755760368663594
4.451612903225806 2.552995391705069 0.07373271889400922
4.050691244239632 2.5668202764976957 0.08755760368663594
3.294930875576037 2.5483870967741935 0.07373271889400922
0.7926267281105991 2.552995391705069 0.08294930875576037
3.8202764976958523 2.5714285714285716 0.08755760368663594
2.110599078341014 2.4838709677419355 0.009216589861751152
0.0967741935483871 2.506912442396313 0.03686635944700461
2.525345622119816 2.4838709677419355 0.027649769585253454
0.5161290322580645 2.52073732718894 0.07834101382488479
1.5806451612903225 2.5345622119815667 0.07834101382488479
0.23963133640552994 2.654377880184332 0.2119815668202765
2.4193548387096775 2.47926267281106 0.05069124423963134
1.7511520737327189 2.493087557603687 0.07834101382488479
4.709677419354839 2.4654377880184333 0.05529953917050691
3.557603686635945 2.488479262672811 0.08294930875576037
0.3686635944700461 2.414746543778802 0.013824884792626727
3.0 2.4285714285714284 0.027649769585253454
1.2258064516129032 2.4654377880184333 0.07834101382488479
2.686635944700461 2.414746543778802 0.03686635944700461
2.838709677419355 2.442396313364055 0.07373271889400922
2.271889400921659 2.4700460829493087 0.1152073732718894
4.548387096774194 2.442396313364055 0.07373271889400922
1.9585253456221199 2.4516129032258065 0.10138248847926268
4.304147465437788 2.410138248847926 0.06912442396313365
1.4285714285714286 2.414746543778802 0.07373271889400922
3.3640552995391704 2.391705069124424 0.059907834101382486
3.921658986175115 2.3870967741935485 0.059907834101382486
0.6682027649769585 2.3963133640552994 0.06912442396313365
4.170506912442396 2.3317972350230414 0.004608294930875576
0.8571428571428571 2.3963133640552994 0.07373271889400922
3.161290322580645 2.3824884792626726 0.08294930875576037
3.71889400921659 2.377880184331797 0.06912442396313365
1.055299539170507 2.3870967741935485 0.0967741935483871
4.105990783410138 2.377880184331797 0.07834101382488479
0.5253456221198156 2.3410138248847927 0.04608294930875576
4.0 2.271889400921659 0.009216589861751152
2.6175115207373274 2.2903225806451615 0.03225806451612903
1.5898617511520736 2.3087557603686637 0.04608294930875576
0.28110599078341014 2.2995391705069124 0.04608294930875576
2.184331797235023 2.28110599078341 0.03225806451612903
1.271889400921659 2.294930875576037 0.05529953917050691
1.7511520737327189 2.2995391705069124 0.06451612903225806
0.0967741935483871 2.3179723502304146 0.10599078341013825
2.410138248847926 2.2903225806451615 0.09216589861751152
2.064516129032258 2.271889400921659 0.06912442396313365
4.6728110599078345 2.271889400921659 0.07373271889400922
2.7557603686635943 2.262672811059908 0.059907834101382486
0.41013824884792627 2.2442396313364057 0.041474654377880185
3.8755760368663594 2.2534562211981566 0.059907834101382486
4.451612903225806 2.262672811059908 0.09216589861751152
3.52073732718894 2.262672811059908 0.08294930875576037
2.935483870967742 2.2580645161290325 0.08755760368663594
0.9354838709677419 2.225806451612903 0.05529953917050691
3.71889400921659 2.2027649769585254 0.041474654377880185
4.244239631336406 2.225806451612903 0.059907834101382486
1.4423963133640554 2.225806451612903 0.059907834101382486
3.3179723502304146 2.2119815668202767 0.06451612903225806
1.903225806451613 2.216589861751152 0.06451612903225806
1.119815668202765 2.207373271889401 0.06451612903225806
0.7511520737327189 2.216589861751152 0.07373271889400922
2.0276497695852536 2.142857142857143 0.009216589861751152
4.078341013824885 2.1797235023041472 0.059907834101382486
4.700460829493087 2.133640552995392 0.027649769585253454
3.1382488479262673 2.1797235023041472 0.07373271889400922
0.5806451612903226 2.175115207373272 0.06912442396313365
3.9631336405529956 2.110599078341014 0.013824884792626727
3.880184331797235 2.1013824884792625 0.013824884792626727
1.576036866359447 2.133640552995392 0.059907834101382486
0.2488479262672811 2.133640552995392 0.08755760368663594
0.004608294930875576 2.110599078341014 0.059907834101382486
4.580645161290323 2.087557603686636 0.059907834101382486
1.76036866359447 2.1059907834101383 0.07373271889400922
2.5944700460829493 2.110599078341014 0.09216589861751152
3.423963133640553 2.0829493087557602 0.06912442396313365
3.5990783410138247 2.064516129032258 0.05069124423963134
2.3640552995391704 2.1059907834101383 0.09216589861751152
1.2995391705069124 2.096774193548387 0.08294930875576037
2.9907834101382487 2.055299539170507 0.05069124423963134
4.391705069124424 2.0599078341013826 0.059907834101382486
0.4377880184331797 2.055299539170507 0.06451612903225806
3.7557603686635943 2.046082949308756 0.08294930875576037
2.142857142857143 2.055299539170507 0.07834101382488479
0.9723502304147466 2.0506912442396312 0.07373271889400922
0.8110599078341014 2.0368663594470044 0.07373271889400922
2.8110599078341014 2.046082949308756 0.09216589861751152
4.193548387096774 2.0276497695852536 0.08755760368663594
0.6359447004608295 2.0 0.06451612903225806
1.9493087557603688 2.0092165898617513 0.07834101382488479
1.152073732718894 2.0046082949308754 0.08294930875576037
1.6267281105990783 1.967741935483871 0.05529953917050691
4.018433179723503 1.9723502304147464 0.06912442396313365
3.866359447004608 1.967741935483871 0.07834101382488479
1.4608294930875576 1.9861751152073732 0.08755760368663594
0.29493087557603687 1.9539170506912442 0.06451612903225806
4.67741935483871 1.9308755760368663 0.05529953917050691
2.4700460829493087 1.9308755760368663 0.06451612903225806
3.506912442396313 1.9262672811059909 0.05529953917050691
3.161290322580645 1.9400921658986174 0.09216589861751152
0.07834101382488479 1.9308755760368663 0.08755760368663594
2.6497695852534564 1.903225806451613 0.059907834101382486
4.502304147465438 1.903225806451613 0.07373271889400922
3.3410138248847927 1.912442396313364 0.07834101382488479
2.271889400921659 1.8940092165898617 0.059907834101382486
1.7834101382488479 1.903225806451613 0.06451612903225806
2.9631336405529956 1.8571428571428572 0.041474654377880185
2.1013824884792625 1.8663594470046083 0.05529953917050691
3.6589861751152073 1.8755760368663594 0.06912442396313365
3.9631336405529956 1.8248847926267282 0.02304147465437788
0.8433179723502304 1.8709677419354838 0.06451612903225806
0.5023041474654378 1.880184331797235 0.07373271889400922
1.2903225806451613 1.8617511520737327 0.059907834101382486
4.304147465437788 1.8525345622119815 0.08294930875576037
1.1428571428571428 1.8110599078341014 0.041474654377880185
0.3640552995391705 1.7972350230414746 0.05069124423963134
2.8110599078341014 1.8064516129032258 0.05529953917050691
4.105990783410138 1.8156682027649769 0.06451612903225806
1.9308755760368663 1.8018433179723503 0.059907834101382486
1.599078341013825 1.8018433179723503 0.06912442396313365
0.0 1.7741935483870968 0.03225806451612903
3.47926267281106 1.7649769585253456 0.05069124423963134
0.16589861751152074 1.7649769585253456 0.08294930875576037
2.9953917050691246 1.7188940092165899 0.004608294930875576
1.4147465437788018 1.769585253456221 0.059907834101382486
4.658986175115207 1.769585253456221 0.06912442396313365
3.0691244239631335 1.728110599078341 0.027649769585253454
4.511520737327189 1.737327188940092 0.03686635944700461
3.8110599078341014 1.769585253456221 0.07373271889400922
0.7004608294930875 1.7788018433179724 0.08755760368663594
1.5023041474654377 1.695852534562212 0.009216589861751152
0.9815668202764977 1.7649769585253456 0.08755760368663594
1.769585253456221 1.7327188940092166 0.05529953917050691
3.2672811059907834 1.7327188940092166 0.08755760368663594
2.488479262672811 1.7465437788018434 0.08755760368663594
2.4608294930875574 1.7419354838709677 0.02304147465437788
0.20276497695852536 1.6912442396313363 0.03225806451612903
2.3087557603686637 1.7096774193548387 0.07373271889400922
2.686635944700461 1.695852534562212 0.07834101382488479
3.6267281105990783 1.6912442396313363 0.06912442396313365
3.6175115207373274 1.672811059907834 0.02304147465437788
2.1152073732718892 1.6866359447004609 0.07373271889400922
3.511520737327189 1.6359447004608294 0.018433179723502304
4.557603686635945 1.6267281105990783 0.027649769585253454
4.179723502304148 1.6589861751152073 0.059907834101382486
4.368663594470046 1.6497695852534562 0.08755760368663594
2.880184331797235 1.640552995391705 0.06451612903225806
1.3963133640552996 1.6036866359447004 0.027649769585253454
0.5483870967741935 1.6589861751152073 0.07834101382488479
3.9953917050691246 1.6543778801843319 0.08294930875576037
1.0783410138248848 1.6036866359447004 0.05529953917050691
3.377880184331797 1.6129032258064515 0.059907834101382486
1.2488479262672811 1.6497695852534562 0.08755760368663594
0.018433179723502304 1.608294930875576 0.05529953917050691
0.35023041474654376 1.6175115207373272 0.08294930875576037
1.6267281105990783 1.608294930875576 0.08755760368663594
2.230414746543779 1.566820276497696 0.03225806451612903
0.8755760368663594 1.599078341013825 0.06451612903225806
1.9262672811059909 1.608294930875576 0.07834101382488479
0.6682027649769585 1.543778801843318 0.018433179723502304
3.0230414746543777 1.566820276497696 0.04608294930875576
2.5622119815668203 1.576036866359447 0.06451612903225806
0.7419354838709677 1.576036866359447 0.07834101382488479
3.792626728110599 1.5714285714285714 0.06451612903225806
3.193548387096774 1.5622119815668203 0.059907834101382486
2.7327188940092166 1.5391705069124424 0.05069124423963134
4.682027649769585 1.5714285714285714 0.08294930875576037
0.17050691244239632 1.5253456221198156 0.04608294930875576
3.6313364055299537 1.5115207373271888 0.06451612903225806
3.488479262672811 1.5023041474654377 0.059907834101382486
2.391705069124424 1.5161290322580645 0.07834101382488479
1.4976958525345623 1.4930875576036866 0.059907834101382486
4.1013824884792625 1.4884792626728112 0.05529953917050691
1.8156682027649769 1.4654377880184333 0.03686635944700461
1.9400921658986174 1.4516129032258065 0.027649769585253454
3.9262672811059907 1.4608294930875576 0.059907834101382486
2.0829493087557602 1.4838709677419355 0.08755760368663594
4.488479262672811 1.4700460829493087 0.06912442396313365
0.4792626728110599 1.4516129032258065 0.05529953917050691
4.28110599078341 1.4746543778801844 0.07834101382488479
0.027649769585253454 1.4423963133640554 0.05069124423963134
3.751152073732719 1.4147465437788018 0.03686635944700461
4.175115207373272 1.3778801843317972 0.009216589861751152
1.0414746543778801 1.4470046082949308 0.16129032258064516
1.327188940092166 1.4423963133640554 0.07373271889400922
2.8986175115207375 1.4423963133640554 0.08755760368663594
3.119815668202765 1.4055299539170507 0.07373271889400922
0.16589861751152074 1.3824884792626728 0.06451612903225806
2.751152073732719 1.3870967741935485 0.04608294930875576
2.5806451612903225 1.4193548387096775 0.07834101382488479
1.6543778801843319 1.3963133640552996 0.06451612903225806
0.695852534562212 1.4055299539170507 0.09216589861751152
4.654377880184332 1.3778801843317972 0.059907834101382486
3.3364055299539173 1.3963133640552996 0.07834101382488479
2.271889400921659 1.391705069124424 0.06912442396313365
1.1059907834101383 1.3640552995391706 0.05529953917050691
4.018433179723503 1.336405529953917 0.059907834101382486
3.557603686635945 1.327188940092166 0.08755760368663594
1.0046082949308757 1.2764976958525345 0.03686635944700461
1.2304147465437787 1.2857142857142858 0.07834101382488479
1.4746543778801844 1.3087557603686637 0.07373271889400922
0.4055299539170507 1.3133640552995391 0.09216589861751152
3.8294930875576036 1.2903225806451613 0.07373271889400922
0.013824884792626727 1.2672811059907834 0.05069124423963134
2.0092165898617513 1.2903225806451613 0.08294930875576037
2.493087557603687 1.2580645161290323 0.06451612903225806
1.6497695852534562 1.23963133640553 0.04608294930875576
2.6682027649769586 1.2534562211981566 0.05529953917050691
0.8202764976958525 1.23963133640553 0.07834101382488479
1.2211981566820276 1.2165898617511521 0.03686635944700461
0.6036866359447005 1.23963133640553 0.05529953917050691
2.847926267281106 1.2488479262672811 0.07373271889400922
2.327188940092166 1.23963133640553 0.059907834101382486
1.0046082949308757 1.1981566820276497 0.018433179723502304
4.497695852534562 1.262672811059908 0.08294930875576037
4.1336405529953915 1.2350230414746544 0.05529953917050691
3.0230414746543777 1.23963133640553 0.06912442396313365
1.8387096774193548 1.2534562211981566 0.08755760368663594
3.2211981566820276 1.2304147465437787 0.07834101382488479
2.161290322580645 1.2119815668202765 0.07373271889400922
4.308755760368664 1.2258064516129032 0.09216589861751152
4.691244239631336 1.1981566820276497 0.07373271889400922
3.4009216589861753 1.1935483870967742 0.06451612903225806
1.391705069124424 1.1612903225806452 0.07373271889400922
0.2350230414746544 1.2165898617511521 0.1336405529953917
1.7649769585253456 1.1152073732718895 0.03686635944700461
2.608294930875576 1.1244239631336406 0.041474654377880185
3.5944700460829493 1.1428571428571428 0.07834101382488479
3.9815668202764978 1.1336405529953917 0.07373271889400922
4.585253456221198 1.087557603686636 0.04608294930875576
1.5944700460829493 1.1105990783410138 0.07373271889400922
3.1059907834101383 1.0737327188940091 0.05529953917050691
0.9308755760368663 1.0829493087557605 0.04608294930875576
4.1658986175115205 1.0783410138248848 0.059907834101382486
3.792626728110599 1.1013824884792627 0.06912442396313365
0.31797235023041476 1.055299539170507 0.03686635944700461
4.2949308755760365 1.032258064516129 0.009216589861751152
2.4377880184331797 1.087557603686636 0.07373271889400922
0.511520737327189 1.0829493087557605 0.07373271889400922
0.7465437788018433 1.0783410138248848 0.09216589861751152
4.428571428571429 1.0599078341013826 0.06451612903225806
2.28110599078341 1.055299539170507 0.059907834101382486
3.2764976958525347 1.0368663594470047 0.06451612903225806
2.9078341013824884 1.055299539170507 0.08294930875576037
1.9262672811059909 1.0460829493087558 0.07373271889400922
1.1152073732718895 1.064516129032258 0.08755760368663594
4.709677419354839 1.0 0.05069124423963134
2.1013824884792625 1.0184331797235022 0.07373271889400922
1.7235023041474655 0.9723502304147466 0.07373271889400922
1.4976958525345623 0.9815668202764977 0.06451612903225806
1.304147465437788 0.9953917050691244 0.06912442396313365
2.728110599078341 0.9723502304147466 0.059907834101382486
1.9907834101382489 0.9216589861751152 0.004608294930875576
4.059907834101383 0.9539170506912442 0.05529953917050691
3.4654377880184333 0.9861751152073732 0.07834101382488479
2.552995391705069 0.9585253456221198 0.06451612903225806
2.3824884792626726 0.9216589861751152 0.02304147465437788
0.6267281105990783 0.9308755760368663 0.06451612903225806
3.6635944700460827 0.9308755760368663 0.06912442396313365
4.557603686635945 0.9124423963133641 0.07373271889400922
0.9769585253456221 0.9124423963133641 0.06912442396313365
4.391705069124424 0.8986175115207373 0.059907834101382486
0.7926267281105991 0.8940092165898618 0.059907834101382486
3.087557603686636 0.8940092165898618 0.08755760368663594
4.216589861751152 0.8940092165898618 0.06912442396313365
0.4009216589861751 0.8847926267281105 0.08294930875576037
3.889400921658986 0.9032258064516129 0.08755760368663594
2.488479262672811 0.8294930875576036 0.027649769585253454
2.2211981566820276 0.8755760368663594 0.07834101382488479
2.866359447004608 0.8571428571428571 0.06912442396313365
1.1751152073732718 0.8525345622119815 0.07373271889400922
4.686635944700461 0.8294930875576036 0.04608294930875576
1.3963133640552996 0.8341013824884793 0.06912442396313365
1.8571428571428572 0.8387096774193549 0.08755760368663594
1.6129032258064515 0.8202764976958525 0.07834101382488479
2.654377880184332 0.8018433179723502 0.08755760368663594
2.6313364055299537 0.7511520737327189 0.009216589861751152
4.350230414746544 0.7695852534562212 0.03686635944700461
3.576036866359447 0.7880184331797235 0.059907834101382486
2.046082949308756 0.7880184331797235 0.05069124423963134
4.493087557603687 0.7465437788018433 0.03686635944700461
2.3364055299539173 0.7741935483870968 0.06912442396313365
4.050691244239632 0.7788018433179723 0.07373271889400922
4.055299539170507 0.7695852534562212 0.02304147465437788
0.8940092165898618 0.7557603686635944 0.06451612903225806
0.5023041474654378 0.7557603686635944 0.08755760368663594
3.7557603686635943 0.7465437788018433 0.07373271889400922
3.0737327188940093 0.7235023041474654 0.04608294930875576
0.7096774193548387 0.728110599078341 0.06451612903225806
4.221198156682028 0.6866359447004609 0.07373271889400922
0.08294930875576037 0.8940092165898618 0.24423963133640553
0.12442396313364056 1.0414746543778801 0.02304147465437788
2.184331797235023 0.695852534562212 0.04608294930875576
1.4930875576036866 0.6774193548387096 0.05529953917050691
1.304147465437788 0.6912442396313364 0.07373271889400922
1.7465437788018434 0.6774193548387096 0.06912442396313365
3.304147465437788 0.7557603686635944 0.15668202764976957
4.645161290322581 0.6774193548387096 0.07834101382488479
1.1336405529953917 0.663594470046083 0.06451612903225806
2.935483870967742 0.6589861751152074 0.06912442396313365
0.004608294930875576 0.6036866359447005 0.004608294930875576
4.248847926267281 0.6129032258064516 0.02304147465437788
4.391705069124424 0.631336405529954 0.05529953917050691
1.944700460829493 0.6359447004608295 0.06451612903225806
2.488479262672811 0.6589861751152074 0.08755760368663594
3.5668202764976957 0.6221198156682027 0.06451612903225806
3.1152073732718892 0.5806451612903226 0.02304147465437788
4.078341013824885 0.5852534562211982 0.03686635944700461
3.9078341013824884 0.6405529953917051 0.09216589861751152
2.0921658986175116 0.6036866359447005 0.059907834101382486
0.6451612903225806 0.5714285714285714 0.06912442396313365
1.0 0.5944700460829493 0.06451612903225806
0.8387096774193549 0.5806451612903226 0.059907834101382486
0.2304147465437788 0.5668202764976958 0.07834101382488479
2.3225806451612905 0.5622119815668203 0.08755760368663594
3.71889400921659 0.5576036866359447 0.059907834101382486
2.6635944700460827 0.5668202764976958 0.07373271889400922
4.516129032258065 0.5483870967741935 0.05529953917050691
1.400921658986175 0.5345622119815668 0.04608294930875576
0.511520737327189 0.5023041474654378 0.018433179723502304
3.207373271889401 0.4976958525345622 0.06451612903225806
1.0829493087557605 0.47465437788018433 0.004608294930875576
0.004608294930875576 0.4838709677419355 0.013824884792626727
1.2165898617511521 0.5069124423963134 0.07373271889400922
1.6267281105990783 0.5253456221198156 0.10138248847926268
2.9953917050691246 0.48847926267281105 0.059907834101382486
3.4193548387096775 0.4976958525345622 0.06451612903225806
4.175115207373272 0.4792626728110599 0.05069124423963134
1.8341013824884793 0.48847926267281105 0.059907834101382486
1.2211981566820276 0.44239631336405527 0.018433179723502304
4.013824884792626 0.4608294930875576 0.05069124423963134
3.6497695852534564 0.44239631336405527 0.027649769585253454
3.6036866359447006 0.4608294930875576 0.05529953917050691
2.815668202764977 0.4700460829493088 0.06912442396313365
4.67741935483871 0.4608294930875576 0.07373271889400922
3.8525345622119818 0.43317972350230416 0.05529953917050691
4.336405529953917 0.4608294930875576 0.07373271889400922
2.1474654377880182 0.4377880184331797 0.07373271889400922
0.14746543778801843 0.43317972350230416 0.041474654377880185
3.0414746543778803 0.41935483870967744 0.04608294930875576
1.5023041474654377 0.4147465437788018 0.059907834101382486
2.5023041474654377 0.423963133640553 0.07373271889400922
0.7188940092165899 0.41013824884792627 0.08294930875576037
0.3548387096774194 0.4147465437788018 0.08294930875576037
1.327188940092166 0.37327188940092165 0.059907834101382486
0.9447004608294931 0.4009216589861751 0.07834101382488479
1.9861751152073732 0.3778801843317972 0.07373271889400922
4.258064516129032 0.33640552995391704 0.03225806451612903
2.3317972350230414 0.35944700460829493 0.05529953917050691
1.8248847926267282 0.33640552995391704 0.027649769585253454
0.6820276497695853 0.3271889400921659 0.027649769585253454
2.6774193548387095 0.3686635944700461 0.06451612903225806
4.511520737327189 0.3548387096774194 0.07373271889400922
3.4838709677419355 0.3317972350230415 0.05069124423963134
4.119815668202765 0.3317972350230415 0.059907834101382486
2.9308755760368665 0.30414746543778803 0.027649769585253454
1.6912442396313363 0.29493087557603687 0.06451612903225806
0.19815668202764977 0.29493087557603687 0.041474654377880185
0.041474654377880185 0.3225806451612903 0.07373271889400922
4.658986175115207 0.2857142857142857 0.03686635944700461
1.1290322580645162 0.3225806451612903 0.07834101382488479
0.5161290322580645 0.30414746543778803 0.08755760368663594
3.944700460829493 0.2995391705069124 0.06451612903225806
0.009216589861751152 0.2488479262672811 0.013824884792626727
3.6359447004608296 0.28110599078341014 0.059907834101382486
0.6497695852534562 0.24423963133640553 0.013824884792626727
4.373271889400922 0.2534562211981567 0.03225806451612903
3.783410138248848 0.2764976958525346 0.059907834101382486
1.6820276497695852 0.24423963133640553 0.03686635944700461
0.9815668202764977 0.2350230414746544 0.009216589861751152
0.4838709677419355 0.24423963133640553 0.03225806451612903
3.0092165898617513 0.2626728110599078 0.04608294930875576
2.1705069124423964 0.2672811059907834 0.07373271889400922
1.4884792626728112 0.2488479262672811 0.06912442396313365
2.935483870967742 0.2073732718894009 0.018433179723502304
2.5622119815668203 0.21658986175115208 0.08755760368663594
2.806451612903226 0.24423963133640553 0.07834101382488479
2.0 0.21658986175115208 0.059907834101382486
2.3410138248847927 0.19815668202764977 0.05069124423963134
4.539170506912442 0.18433179723502305 0.05529953917050691
0.3317972350230415 0.18433179723502305 0.06912442396313365
0.12903225806451613 0.16129032258064516 0.05069124423963134
3.5023041474654377 0.16589861751152074 0.04608294930875576
3.032258064516129 0.12442396313364056 0.004608294930875576
2.552995391705069 0.1336405529953917 0.02304147465437788
4.700460829493087 0.16129032258064516 0.04608294930875576
4.211981566820277 0.18433179723502305 0.07834101382488479
3.248847926267281 0.2626728110599078 0.15668202764976957
1.8433179723502304 0.16129032258064516 0.07373271889400922
1.2995391705069124 0.17972350230414746 0.08294930875576037
3.654377880184332 0.1336405529953917 0.05069124423963134
2.967741935483871 0.10138248847926268 0.02304147465437788
4.009216589861751 0.14746543778801843 0.06912442396313365
3.8202764976958523 0.1336405529953917 0.06451612903225806
1.4976958525345623 0.0967741935483871 0.03225806451612903
1.0921658986175116 0.1336405529953917 0.059907834101382486
0.9032258064516129 0.11059907834101382 0.07373271889400922
3.3732718894009217 0.06912442396313365 0.041474654377880185
2.4285714285714284 0.08755760368663594 0.041474654377880185
4.317972350230415 0.059907834101382486 0.013824884792626727
3.4285714285714284 0.05529953917050691 0.009216589861751152
2.7419354838709675 0.08294930875576037 0.05529953917050691
4.391705069124424 0.09216589861751152 0.07834101382488479
0.6728110599078341 0.03686635944700461 0.004608294930875576
1.6497695852534562 0.09216589861751152 0.06451612903225806
3.184331797235023 0.03686635944700461 0.03686635944700461
2.133640552995392 0.07373271889400922 0.06912442396313365
0.7327188940092166 0.07834101382488479 0.06912442396313365
0.5253456221198156 0.10599078341013825 0.08755760368663594
4.709677419354839 0.013824884792626727 0.013824884792626727
4.585253456221198 0.03225806451612903 0.05529953917050691
4.1013824884792625 0.018433179723502304 0.05529953917050691
3.8847926267281108 0.0 0.03225806451612903
3.71889400921659 0.0 0.027649769585253454
3.5483870967741935 0.013824884792626727 0.03686635944700461
3.4055299539170507 0.013824884792626727 0.027649769585253454
3.0184331797235022 0.013824884792626727 0.027649769585253454
2.585253456221198 0.013824884792626727 0.05069124423963134
2.304147465437788 0.027649769585253454 0.05069124423963134
1.8894009216589862 0.018433179723502304 0.027649769585253454
1.792626728110599 0.013824884792626727 0.041474654377880185
1.5483870967741935 0.0 0.013824884792626727
1.400921658986175 0.009216589861751152 0.06451612903225806
1.207373271889401 0.013824884792626727 0.05529953917050691
1.0368663594470047 0.0 0.009216589861751152
0.6912442396313364 0.009216589861751152 0.009216589861751152
0.3778801843317972 0.0 0.009216589861751152
0.24423963133640553 0.03225806451612903 0.07373271889400922
0.05069124423963134 0.03225806451612903 0.059907834101382486
