2.345565749235474 2.287461773700306
1.8868501529051989 2.287461773700306
0.6758409785932722 2.2844036697247705
0.345565749235474 2.2844036697247705
2.067278287461774 2.2844036697247705
2.706422018348624 2.2844036697247705
2.5168195718654434 2.2813455657492354
0.42201834862385323 2.2813455657492354
1.981651376146789 2.2813455657492354
2.2110091743119265 2.27217125382263
0.5932721712538226 2.2507645259938838
2.948012232415902 2.2446483180428136
0.9663608562691132 2.2629969418960245
0.12844036697247707 2.241590214067278
2.2752293577981653 2.235474006116208
1.8134556574923548 2.241590214067278
2.7737003058103977 2.229357798165138
2.128440366972477 2.220183486238532
1.4984709480122325 2.232415902140673
0.05504587155963303 2.214067278287462
1.9021406727828747 2.214067278287462
1.3944954128440368 2.220183486238532
0.3669724770642202 2.2079510703363914
1.0458715596330275 2.2018348623853212
2.675840978593272 2.198776758409786
2.0489296636085625 2.1957186544342506
0.45565749235474007 2.1865443425076454
0.8990825688073395 2.18348623853211
2.8929663608562692 2.1743119266055047
2.4250764525993884 2.1712538226299696
2.5840978593272173 2.1712538226299696
0.5504587155963303 2.1743119266055047
3.0825688073394497 2.165137614678899
2.2048929663608563 2.1712538226299696
0.8073394495412844 2.168195718654434
1.6269113149847094 2.162079510703364
0.25076452599388377 2.1559633027522938
0.0030581039755351682 2.1559633027522938
1.305810397553517 2.1529051987767582
1.8440366972477065 2.146788990825688
1.5412844036697249 2.1559633027522938
0.1559633027522936 2.1559633027522938
1.45565749235474 2.1345565749235473
2.746177370030581 2.140672782874618
0.709480122324159 2.1376146788990824
2.110091743119266 2.128440366972477
0.3302752293577982 2.125382262996942
0.9480122324159022 2.1131498470948014
1.9204892966360856 2.1162079510703364
1.039755351681957 2.1223241590214066
1.235474006116208 2.1070336391437308
2.941896024464832 2.1009174311926606
3.1223241590214066 2.09480122324159
2.015290519877676 2.0978593272171255
0.8685015290519877 2.091743119266055
2.654434250764526 2.0978593272171255
1.7889908256880733 2.085626911314985
0.4923547400611621 2.09480122324159
1.1529051987767585 2.0825688073394497
0.5749235474006116 2.079510703363914
2.1957186544342506 2.079510703363914
0.40978593272171254 2.067278287461774
2.7400611620795106 2.055045871559633
1.308868501529052 2.058103975535168
2.1131498470948014 2.0458715596330275
1.070336391437309 2.0428134556574924
1.8593272171253823 2.0428134556574924
1.4067278287461773 2.0458715596330275
3.067278287461774 2.0305810397553516
2.3516819571865444 2.036697247706422
2.45565749235474 2.0244648318042815
1.2262996941896025 2.0244648318042815
2.5535168195718656 2.0244648318042815
0.2018348623853211 2.015290519877676
1.636085626911315 2.015290519877676
2.978593272171254 2.021406727828746
0.8348623853211009 2.0091743119266057
2.81651376146789 2.0091743119266057
2.654434250764526 2.0091743119266057
2.2660550458715596 2.0091743119266057
0.3363914373088685 2.015290519877676
2.1896024464831805 1.9908256880733946
0.764525993883792 1.9908256880733946
0.6146788990825688 1.9908256880733946
2.110091743119266 1.963302752293578
0.40672782874617736 1.963302752293578
1.9785932721712538 1.963302752293578
1.0856269113149848 1.9541284403669725
1.8409785932721712 1.9510703363914372
2.4954128440366974 1.9480122324159022
2.397553516819572 1.9510703363914372
1.4097859327217126 1.9388379204892967
0.8868501529051988 1.9388379204892967
2.5840978593272173 1.9357798165137614
1.599388379204893 1.9327217125382263
3.0 1.926605504587156
2.669724770642202 1.9235474006116209
0.3302752293577982 1.9204892966360856
0.8042813455657493 1.9143730886850152
2.8073394495412844 1.9143730886850152
0.4892966360856269 1.9204892966360856
1.761467889908257 1.908256880733945
0.0061162079510703364 1.9051987767584098
1.9113149847094801 1.9051987767584098
2.2507645259938838 1.892966360856269
1.3149847094801224 1.8990825688073394
0.08868501529051988 1.8868501529051989
1.0305810397553516 1.8807339449541285
0.944954128440367 1.871559633027523
2.926605504587156 1.871559633027523
1.4678899082568808 1.8623853211009174
2.3486238532110093 1.8623853211009174
1.385321100917431 1.8501529051987768
0.1651376146788991 1.8470948012232415
3.079510703363914 1.853211009174312
2.5749235474006116 1.8501529051987768
1.837920489296636 1.8501529051987768
0.8562691131498471 1.8470948012232415
1.6055045871559632 1.834862385321101
2.4984709480122325 1.8287461773700306
2.1743119266055047 1.8318042813455657
0.7706422018348624 1.8287461773700306
2.070336391437309 1.8226299694189603
0.4648318042813456 1.8256880733944953
2.2660550458715596 1.8134556574923548
2.8654434250764527 1.8042813455657492
2.7186544342507646 1.801223241590214
2.4159021406727827 1.801223241590214
1.2966360856269112 1.8042813455657492
0.2324159021406728 1.8042813455657492
0.9143730886850153 1.7859327217125383
0.382262996941896 1.7859327217125383
1.8654434250764527 1.7706422018348624
2.9510703363914375 1.7706422018348624
2.5596330275229358 1.764525993883792
0.8256880733944955 1.761467889908257
2.1192660550458715 1.7553516819571866
0.0030581039755351682 1.7584097859327217
2.0305810397553516 1.7492354740061162
1.944954128440367 1.7492354740061162
2.477064220183486 1.746177370030581
2.2018348623853212 1.746177370030581
1.584097859327217 1.7431192660550459
2.785932721712538 1.7431192660550459
0.07951070336391437 1.7217125382262997
0.9785932721712538 1.72782874617737
2.688073394495413 1.7186544342507646
2.403669724770642 1.7155963302752293
0.7553516819571865 1.7186544342507646
3.0091743119266057 1.7033639143730888
0.8868501529051988 1.6972477064220184
1.379204892966361 1.688073394495413
1.1773700305810397 1.6758409785932722
1.8837920489296636 1.6758409785932722
0.4984709480122324 1.672782874617737
2.920489296636086 1.6697247706422018
2.327217125382263 1.672782874617737
2.241590214067278 1.6666666666666667
2.149847094801223 1.6697247706422018
2.474006116207951 1.6636085626911314
1.620795107033639 1.6666666666666667
0.28440366972477066 1.6636085626911314
0.0061162079510703364 1.6666666666666667
0.8195718654434251 1.657492354740061
2.8287461773700304 1.6605504587155964
1.036697247706422 1.6483180428134556
3.079510703363914 1.6483180428134556
1.709480122324159 1.6483180428134556
1.5321100917431192 1.6422018348623852
2.7339449541284404 1.6391437308868502
0.09480122324159021 1.6238532110091743
2.996941896024465 1.614678899082569
2.5596330275229358 1.620795107033639
0.6636085626911316 1.6055045871559632
2.015290519877676 1.6055045871559632
0.8899082568807339 1.5963302752293578
1.1926605504587156 1.5871559633027523
0.0030581039755351682 1.5871559633027523
2.1070336391437308 1.5871559633027523
1.5963302752293578 1.584097859327217
0.9847094801223242 1.581039755351682
2.474006116207951 1.5779816513761469
2.3363914373088686 1.5779816513761469
0.4892966360856269 1.584097859327217
0.3425076452599388 1.5779816513761469
1.27217125382263 1.5688073394495412
0.25688073394495414 1.5779816513761469
0.5902140672782875 1.562691131498471
3.067278287461774 1.5535168195718654
2.7217125382262997 1.547400611620795
0.1620795107033639 1.5504587155963303
1.966360856269113 1.525993883792049
0.07033639143730887 1.5321100917431192
2.801223241590214 1.5137614678899083
1.1253822629969419 1.5168195718654434
0.9418960244648318 1.510703363914373
2.051987767584098 1.510703363914373
1.746177370030581 1.510703363914373
1.584097859327217 1.5045871559633028
1.033639143730887 1.5045871559633028
0.8532110091743119 1.5045871559633028
1.217125382262997 1.5015290519877675
1.3883792048929664 1.4831804281345566
0.3730886850152905 1.4831804281345566
1.4770642201834863 1.470948012232416
2.706422018348624 1.4648318042813455
0.5840978593272171 1.470948012232416
3.110091743119266 1.470948012232416
1.9051987767584098 1.45565749235474
0.22018348623853212 1.4678899082568808
0.672782874617737 1.452599388379205
2.859327217125382 1.4464831804281346
1.162079510703364 1.4342507645259939
2.08868501529052 1.4311926605504588
0.908256880733945 1.4281345565749235
0.7492354740061162 1.4220183486238531
2.948012232415902 1.4250764525993884
0.9969418960244648 1.4250764525993884
1.2507645259938838 1.418960244648318
0.290519877675841 1.4097859327217126
2.5045871559633026 1.4036697247706422
2.345565749235474 1.4036697247706422
1.342507645259939 1.400611620795107
2.6574923547400613 1.3914373088685015
2.7339449541284404 1.385321100917431
1.9327217125382263 1.385321100917431
2.159021406727829 1.385321100917431
0.5504587155963303 1.385321100917431
3.1223241590214066 1.382262996941896
2.2507645259938838 1.382262996941896
1.4954128440366972 1.379204892966361
2.021406727828746 1.3700305810397553
1.5963302752293578 1.3700305810397553
0.46788990825688076 1.363914373088685
2.8226299694189603 1.3700305810397553
2.4311926605504586 1.3700305810397553
1.691131498470948 1.3577981651376148
0.6972477064220184 1.3547400611620795
1.0275229357798166 1.348623853211009
1.18348623853211 1.348623853211009
0.8654434250764526 1.348623853211009
1.7889908256880733 1.342507645259939
0.14678899082568808 1.3302752293577982
2.5840978593272173 1.3333333333333333
2.9174311926605503 1.3333333333333333
1.8807339449541285 1.3180428134556574
0.045871559633027525 1.327217125382263
0.3149847094801223 1.3211009174311927
0.5382262996941896 1.308868501529052
3.1223241590214066 1.3027522935779816
2.4984709480122325 1.3027522935779816
2.253822629969419 1.3027522935779816
2.9908256880733943 1.2813455657492354
1.724770642201835 1.2844036697247707
0.963302752293578 1.2844036697247707
1.620795107033639 1.2813455657492354
0.6941896024464832 1.2782874617737003
2.4067278287461775 1.2813455657492354
0.7889908256880734 1.2844036697247707
0.8837920489296636 1.2660550458715596
2.6422018348623855 1.2599388379204892
2.1070336391437308 1.2599388379204892
1.819571865443425 1.2568807339449541
0.2018348623853211 1.2599388379204892
0.4648318042813456 1.2507645259938838
0.363914373088685 1.2477064220183487
2.562691131498471 1.2415902140672783
2.324159021406728 1.2446483180428134
1.348623853211009 1.238532110091743
2.90519877675841 1.235474006116208
2.8042813455657494 1.2293577981651376
1.5351681957186545 1.2262996941896025
0.617737003058104 1.2324159021406729
1.7522935779816513 1.2110091743119267
1.165137614678899 1.2110091743119267
1.0 1.2079510703363914
0.8256880733944955 1.201834862385321
0.0061162079510703364 1.201834862385321
2.996941896024465 1.1957186544342508
2.403669724770642 1.1926605504587156
2.0244648318042815 1.198776758409786
1.437308868501529 1.198776758409786
1.2568807339449541 1.1957186544342508
1.6116207951070336 1.18348623853211
0.40978593272171254 1.1773700305810397
1.8440366972477065 1.1743119266055047
0.1345565749235474 1.180428134556575
3.076452599388379 1.162079510703364
0.22935779816513763 1.165137614678899
2.565749235474006 1.1529051987767585
2.4862385321100917 1.146788990825688
1.345565749235474 1.146788990825688
0.7584097859327217 1.1376146788990826
1.1162079510703364 1.1345565749235473
2.9174311926605503 1.1406727828746177
1.0244648318042813 1.1345565749235473
1.9388379204892967 1.1376146788990826
0.8501529051987767 1.1223241590214068
1.764525993883792 1.1223241590214068
0.04281345565749235 1.1223241590214068
1.4281345565749235 1.110091743119266
0.4617737003058104 1.1009174311926606
0.29357798165137616 1.0978593272171253
2.4097859327217126 1.0978593272171253
0.12538226299694188 1.091743119266055
2.834862385321101 1.091743119266055
0.3761467889908257 1.0948012232415902
0.5474006116207951 1.091743119266055
2.3180428134556577 1.0795107033639144
1.3241590214067278 1.0611620795107033
0.2018348623853211 1.0672782874617737
2.5015290519877675 1.0581039755351682
1.1681957186544343 1.0611620795107033
0.7798165137614679 1.055045871559633
0.8715596330275229 1.0489296636085628
1.9847094801223242 1.0428134556574924
0.6299694189602446 1.036697247706422
2.162079510703364 1.0305810397553516
1.400611620795107 1.0244648318042813
3.125382262996942 1.018348623853211
1.8470948012232415 1.0214067278287462
1.2477064220183487 1.0244648318042813
2.8623853211009176 1.018348623853211
0.43119266055045874 1.0152905198776758
2.4128440366972477 1.0152905198776758
0.9480122324159022 1.0122324159021407
3.051987767584098 1.0091743119266054
0.11314984709480122 1.003058103975535
2.7033639143730888 1.0061162079510704
0.2782874617737003 1.0061162079510704
0.7125382262996942 0.9969418960244648
2.785932721712538 0.9877675840978594
0.5565749235474006 0.9847094801223242
1.614678899082569 0.981651376146789
1.1773700305810397 0.9724770642201835
2.3394495412844036 0.9755351681957186
2.0305810397553516 0.9694189602446484
1.709480122324159 0.9663608562691132
0.8012232415902141 0.9694189602446484
0.8929663608562691 0.9541284403669725
3.1192660550458715 0.9480122324159022
0.4801223241590214 0.944954128440367
1.2507645259938838 0.9388379204892966
2.853211009174312 0.9357798165137615
1.385321100917431 0.9357798165137615
0.39755351681957185 0.9296636085626911
2.2691131498470947 0.9174311926605505
1.9541284403669725 0.9204892966360856
1.54434250764526 0.9113149847094801
1.0978593272171253 0.9204892966360856
2.761467889908257 0.908256880733945
1.801223241590214 0.8960244648318043
2.110091743119266 0.8929663608562691
2.926605504587156 0.8868501529051988
1.452599388379205 0.8776758409785933
0.03363914373088685 0.8715596330275229
1.0275229357798166 0.8685015290519877
0.8776758409785933 0.8654434250764526
2.5871559633027523 0.8562691131498471
2.3394495412844036 0.8623853211009175
3.00611620795107 0.8440366972477065
2.831804281345566 0.8440366972477065
1.9694189602446484 0.8318042813455657
1.1376146788990826 0.8287461773700305
3.125382262996942 0.8165137614678899
1.8226299694189603 0.8195718654434251
2.7370030581039755 0.8195718654434251
0.2018348623853211 0.8226299694189603
0.6483180428134556 0.7951070336391437
0.764525993883792 0.7859327217125383
0.5015290519877675 0.7920489296636085
2.388379204892966 0.7828746177370031
1.311926605504587 0.7828746177370031
2.46177370030581 0.7767584097859327
0.9051987767584098 0.7859327217125383
0.01529051987767584 0.7828746177370031
1.620795107033639 0.7706422018348624
2.9663608562691133 0.7675840978593272
2.5565749235474007 0.7706422018348624
1.9113149847094801 0.7675840978593272
1.2110091743119267 0.7675840978593272
0.36085626911314983 0.7675840978593272
0.5749235474006116 0.7553516819571865
2.180428134556575 0.7522935779816514
2.003058103975535 0.7553516819571865
2.7981651376146788 0.7492354740061162
2.085626911314985 0.7492354740061162
2.7033639143730888 0.7400611620795107
1.4831804281345566 0.7339449541284404
0.43425076452599387 0.7308868501529052
1.7920489296636086 0.7370030581039755
1.036697247706422 0.7217125382262997
3.110091743119266 0.72782874617737
2.8837920489296636 0.7247706422018348
0.6452599388379205 0.7155963302752294
0.18042813455657492 0.7217125382262997
1.3577981651376148 0.7003058103975535
1.6483180428134556 0.6880733944954128
1.9541284403669725 0.6819571865443425
2.963302752293578 0.6819571865443425
2.5718654434250765 0.6850152905198776
2.4159021406727827 0.6880733944954128
2.143730886850153 0.6788990825688074
2.314984709480122 0.6697247706422018
2.0458715596330275 0.6697247706422018
0.3944954128440367 0.654434250764526
0.9143730886850153 0.6483180428134556
0.8287461773700305 0.6513761467889908
3.0397553516819573 0.636085626911315
1.798165137614679 0.6391437308868502
0.12538226299694188 0.636085626911315
2.4954128440366974 0.6299694189602446
1.2568807339449541 0.6269113149847095
1.7033639143730888 0.6207951070336392
1.1559633027522935 0.617737003058104
0.4801223241590214 0.617737003058104
2.617737003058104 0.6055045871559633
1.889908256880734 0.6146788990825688
2.128440366972477 0.6024464831804281
1.437308868501529 0.6085626911314985
1.9724770642201834 0.599388379204893
2.9510703363914375 0.5963302752293578
0.19877675840978593 0.5902140672782875
2.2691131498470947 0.5871559633027523
0.9602446483180428 0.581039755351682
1.5168195718654434 0.5749235474006116
2.853211009174312 0.5749235474006116
1.055045871559633 0.5749235474006116
0.5657492354740061 0.5718654434250765
0.40978593272171254 0.5596330275229358
3.0275229357798166 0.5504587155963303
2.45565749235474 0.5535168195718655
1.6697247706422018 0.5474006116207951
0.2691131498470948 0.5474006116207951
2.1926605504587156 0.5443425076452599
1.8470948012232415 0.5321100917431193
0.03669724770642202 0.5321100917431193
1.2966360856269112 0.5382262996941896
1.929663608562691 0.5229357798165137
2.614678899082569 0.5229357798165137
2.7522935779816513 0.5168195718654435
2.015290519877676 0.5137614678899083
0.6513761467889908 0.5198776758409785
2.1039755351681957 0.5137614678899083
3.110091743119266 0.5107033639143731
0.3425076452599388 0.5045871559633027
0.18654434250764526 0.5045871559633027
1.4464831804281346 0.5076452599388379
2.837920489296636 0.48623853211009177
1.073394495412844 0.4831804281345566
0.10091743119266056 0.4709480122324159
2.452599388379205 0.4709480122324159
0.7553516819571865 0.4740061162079511
1.801223241590214 0.4648318042813456
1.6636085626911314 0.46788990825688076
2.53822629969419 0.46788990825688076
1.1590214067278288 0.4617737003058104
1.8837920489296636 0.44954128440366975
2.91131498470948 0.43730886850152906
1.581039755351682 0.43730886850152906
2.3394495412844036 0.43730886850152906
2.1529051987767582 0.43425076452599387
0.6880733944954128 0.42813455657492355
2.7522935779816513 0.43425076452599387
3.0642201834862384 0.43119266055045874
0.8348623853211009 0.42813455657492355
0.3149847094801223 0.41896024464831805
2.055045871559633 0.42507645259938837
0.9908256880733946 0.42201834862385323
0.06422018348623854 0.39755351681957185
2.981651376146789 0.39143730886850153
2.492354740061162 0.38837920489296635
0.9051987767584098 0.382262996941896
1.9021406727828747 0.3730886850152905
1.8134556574923548 0.37920489296636084
1.1345565749235473 0.3761467889908257
2.8287461773700304 0.382262996941896
2.220183486238532 0.3669724770642202
1.6605504587155964 0.3730886850152905
1.2874617737003058 0.3669724770642202
2.581039755351682 0.3669724770642202
2.1314984709480123 0.3577981651376147
1.5596330275229358 0.36085626911314983
0.4954128440366973 0.3577981651376147
1.981651376146789 0.36085626911314983
2.7370030581039755 0.3486238532110092
1.0489296636085628 0.345565749235474
3.058103975535168 0.3363914373088685
2.6513761467889907 0.3119266055045872
0.6299694189602446 0.3119266055045872
2.507645259938838 0.30275229357798167
1.348623853211009 0.2996941896024465
1.1223241590214068 0.29357798165137616
0.42507645259938837 0.30275229357798167
2.2629969418960245 0.290519877675841
1.929663608562691 0.2874617737003058
1.7920489296636086 0.2874617737003058
0.3394495412844037 0.28440366972477066
0.1620795107033639 0.28440366972477066
2.345565749235474 0.28134556574923547
1.5198776758409787 0.290519877675841
0.5351681957186545 0.28134556574923547
0.8960244648318043 0.2874617737003058
0.2415902140672783 0.28134556574923547
1.0428134556574924 0.26299694189602446
2.920489296636086 0.26299694189602446
2.761467889908257 0.26299694189602446
2.434250764525994 0.24464831804281345
0.8256880733944955 0.22935779816513763
3.0091743119266057 0.23853211009174313
2.675840978593272 0.22935779816513763
1.581039755351682 0.22018348623853212
0.6055045871559633 0.22324159021406728
0.3853211009174312 0.22018348623853212
1.3944954128440368 0.22018348623853212
2.8470948012232418 0.21406727828746178
1.2996941896024465 0.21712538226299694
1.1162079510703364 0.20795107033639143
0.290519877675841 0.20489296636085627
3.1223241590214066 0.2018348623853211
0.18960244648318042 0.2018348623853211
2.596330275229358 0.1926605504587156
1.8073394495412844 0.1926605504587156
2.3547400611620795 0.1926605504587156
1.724770642201835 0.18960244648318042
0.9143730886850153 0.1926605504587156
0.5229357798165137 0.18960244648318042
2.2752293577981653 0.1743119266055046
2.770642201834862 0.1743119266055046
1.018348623853211 0.18042813455657492
2.926605504587156 0.1712538226299694
2.1865443425076454 0.1620795107033639
1.6422018348623852 0.1559633027522936
0.6697247706422018 0.1559633027522936
2.091743119266055 0.14984709480122324
0.43730886850152906 0.1559633027522936
2.532110091743119 0.14067278287461774
1.3577981651376148 0.14067278287461774
0.8348623853211009 0.1437308868501529
0.25382262996941896 0.1345565749235474
0.09785932721712538 0.13761467889908258
1.269113149847095 0.12844036697247707
0.5871559633027523 0.12844036697247707
1.1559633027522935 0.12538226299694188
3.1192660550458715 0.1162079510703364
2.015290519877676 0.11009174311926606
0.012232415902140673 0.1162079510703364
1.070336391437309 0.11009174311926606
2.9724770642201834 0.10397553516819572
1.929663608562691 0.10703363914373089
2.241590214067278 0.10091743119266056
1.7675840978593271 0.10703363914373089
2.146788990825688 0.09174311926605505
0.746177370030581 0.09785932721712538
1.507645259938838 0.09174311926605505
0.9051987767584098 0.09480122324159021
0.4984709480122324 0.09174311926605505
2.327217125382263 0.09480122324159021
2.470948012232416 0.08256880733944955
2.669724770642202 0.0764525993883792
0.40061162079510704 0.07951070336391437
2.8929663608562692 0.07033639143730887
0.6574923547400612 0.06422018348623854
1.3761467889908257 0.0581039755351682
1.2232415902140672 0.05198776758409786
1.9785932721712538 0.039755351681957186
1.8868501529051989 0.03669724770642202
2.073394495412844 0.04281345565749235
1.128440366972477 0.039755351681957186
0.07033639143730887 0.03669724770642202
2.6055045871559632 0.027522935779816515
1.0428134556574924 0.03058103975535168
0.5626911314984709 0.03058103975535168
2.418960244648318 0.012232415902140673
2.3425076452599387 0.0061162079510703364
2.1926605504587156 0.01834862385321101
1.2966360856269112 0.0030581039755351682
0.8776758409785933 0.0030581039755351682
0.7339449541284404 0.009174311926605505
0.3547400611620795 0.0030581039755351682
0.26299694189602446 0.0030581039755351682
0.16819571865443425 0.0061162079510703364
