2.146788990825688 2.290519877675841
1.45565749235474 2.290519877675841
0.746177370030581 2.287461773700306
0.27522935779816515 2.290519877675841
0.07339449541284404 2.290519877675841
1.8960244648318043 2.290519877675841
2.3516819571865444 2.287461773700306
0.3547400611620795 2.287461773700306
2.076452599388379 2.287461773700306
2.7186544342507646 2.287461773700306
0.6850152905198776 2.2782874617737003
1.9908256880733946 2.2813455657492354
0.43119266055045874 2.2782874617737003
2.525993883792049 2.2752293577981653
0.8837920489296636 2.2752293577981653
2.217125382262997 2.27217125382263
2.4403669724770642 2.27217125382263
0.5259938837920489 2.2629969418960245
2.617737003058104 2.2629969418960245
0.8103975535168195 2.256880733944954
2.8623853211009176 2.2477064220183487
3.1131498470948014 2.2446483180428136
2.9571865443425076 2.253822629969419
0.9724770642201835 2.2599388379204894
0.6024464831804281 2.253822629969419
3.0397553516819573 2.2446483180428136
1.620795107033639 2.2629969418960245
0.14067278287461774 2.2507645259938838
1.311926605504587 2.2446483180428136
2.2844036697247705 2.2507645259938838
1.819571865443425 2.2507645259938838
0.22324159021406728 2.235474006116208
0.30275229357798167 2.229357798165138
2.782874617737003 2.238532110091743
1.507645259938838 2.2446483180428136
0.7339449541284404 2.235474006116208
2.1376146788990824 2.229357798165138
2.36697247706422 2.220183486238532
1.4036697247706422 2.229357798165138
0.6666666666666666 2.214067278287462
0.06116207951070336 2.220183486238532
1.9143730886850152 2.223241590214067
0.37920489296636084 2.217125382262997
2.510703363914373 2.2079510703363914
1.0581039755351682 2.2079510703363914
2.834862385321101 2.1896024464831805
2.685015290519878 2.2048929663608563
2.055045871559633 2.2018348623853212
1.9877675840978593 2.1926605504587156
1.2262996941896025 2.1926605504587156
0.4709480122324159 2.198776758409786
0.9113149847094801 2.1926605504587156
0.9113149847094801 2.1896024464831805
1.782874617737003 2.1773700305810397
3.0 2.180428134556575
2.9021406727828745 2.18348623853211
2.434250764525994 2.18348623853211
1.146788990825688 2.1712538226299696
2.596330275229358 2.18348623853211
2.293577981651376 2.168195718654434
2.214067278287462 2.180428134556575
0.5565749235474006 2.180428134556575
3.091743119266055 2.1743119266055047
0.8165137614678899 2.1773700305810397
1.636085626911315 2.1712538226299696
0.40978593272171254 2.1559633027522938
0.2599388379204893 2.162079510703364
0.009174311926605505 2.162079510703364
1.3180428134556574 2.162079510703364
1.5535168195718654 2.168195718654434
0.636085626911315 2.1529051987767582
1.853211009174312 2.1559633027522938
0.1651376146788991 2.162079510703364
1.7217125382262997 2.143730886850153
2.7553516819571864 2.149847094801223
1.3883792048929664 2.1376146788990824
2.3547400611620795 2.1376146788990824
1.4648318042813455 2.143730886850153
0.7217125382262997 2.146788990825688
0.08868501529051988 2.1345565749235473
2.1192660550458715 2.1376146788990824
0.3363914373088685 2.1345565749235473
1.926605504587156 2.125382262996942
1.0458715596330275 2.1345565749235473
0.9571865443425076 2.125382262996942
3.036697247706422 2.110091743119266
2.948012232415902 2.110091743119266
1.2477064220183487 2.1162079510703364
0.21712538226299694 2.1009174311926606
3.1162079510703364 2.1009174311926606
2.5840978593272173 2.1009174311926606
2.507645259938838 2.1192660550458715
2.290519877675841 2.0978593272171255
2.840978593272171 2.1162079510703364
2.4220183486238533 2.1009174311926606
1.6666666666666667 2.1009174311926606
2.6666666666666665 2.1070336391437308
2.672782874617737 2.1162079510703364
2.0244648318042815 2.1070336391437308
1.798165137614679 2.0978593272171255
0.8807339449541285 2.1039755351681957
1.5932721712538227 2.08868501529052
0.4984709480122324 2.1009174311926606
0.012232415902140673 2.085626911314985
1.5198776758409787 2.079510703363914
1.1590214067278288 2.091743119266055
0.7981651376146789 2.08868501529052
0.5871559633027523 2.08868501529052
2.2048929663608563 2.08868501529052
0.14984709480122324 2.076452599388379
0.6636085626911316 2.073394495412844
0.2782874617737003 2.076452599388379
0.41896024464831805 2.076452599388379
0.7370030581039755 2.0642201834862384
2.746177370030581 2.0642201834862384
2.8990825688073394 2.0489296636085625
1.724770642201835 2.058103975535168
0.9969418960244648 2.055045871559633
1.3211009174311927 2.0642201834862384
2.1223241590214066 2.051987767584098
1.963302752293578 2.0489296636085625
1.0795107033639144 2.0489296636085625
1.8685015290519877 2.051987767584098
1.415902140672783 2.051987767584098
0.07339449541284404 2.0428134556574924
3.073394495412844 2.036697247706422
2.36085626911315 2.0458715596330275
0.9235474006116208 2.0305810397553516
2.46177370030581 2.0336391437308867
1.235474006116208 2.0336391437308867
2.562691131498471 2.0336391437308867
0.21100917431192662 2.0244648318042815
2.9877675840978593 2.0336391437308867
2.051987767584098 2.018348623853211
1.6452599388379205 2.0244648318042815
0.4740061162079511 2.018348623853211
2.6666666666666665 2.018348623853211
1.562691131498471 2.015290519877676
1.4770642201834863 2.0122324159021407
0.345565749235474 2.0275229357798166
2.8256880733944953 2.018348623853211
2.2752293577981653 2.015290519877676
1.7859327217125383 2.0122324159021407
1.165137614678899 2.0091743119266057
0.8409785932721713 2.018348623853211
1.9143730886850152 1.996941896024465
0.5443425076452599 2.0091743119266057
2.1926605504587156 2.0
0.7767584097859327 2.0
1.3394495412844036 1.9908256880733946
0.6972477064220184 1.9938837920489296
0.04892966360856269 1.981651376146789
0.6238532110091743 2.0
0.0030581039755351682 1.9938837920489296
0.27522935779816515 1.9755351681957187
2.7492354740061162 1.9755351681957187
1.7033639143730888 1.9755351681957187
2.1223241590214066 1.9724770642201834
1.9847094801223242 1.9724770642201834
0.11926605504587157 1.981651376146789
0.41590214067278286 1.9724770642201834
1.0948012232415902 1.963302752293578
0.9969418960244648 1.9724770642201834
1.2568807339449541 1.960244648318043
2.90519877675841 1.963302752293578
2.324159021406728 1.9541284403669725
2.4067278287461775 1.960244648318043
1.8501529051987768 1.960244648318043
2.5045871559633026 1.9541284403669725
1.510703363914373 1.944954128440367
3.1070336391437308 1.9510703363914372
1.418960244648318 1.9480122324159022
0.8960244648318043 1.9510703363914372
2.5871559633027523 1.9480122324159022
2.6788990825688073 1.9327217125382263
2.055045871559633 1.9327217125382263
1.6085626911314985 1.9388379204892967
0.19877675840978593 1.9357798165137614
0.3394495412844037 1.929663608562691
3.0091743119266057 1.9357798165137614
2.1896024464831805 1.9235474006116209
1.180428134556575 1.926605504587156
2.81651376146789 1.926605504587156
0.8165137614678899 1.9235474006116209
0.4984709480122324 1.929663608562691
0.7339449541284404 1.9174311926605505
0.654434250764526 1.9204892966360856
0.01834862385321101 1.9174311926605505
0.581039755351682 1.9204892966360856
1.7706422018348624 1.9174311926605505
1.9204892966360856 1.9143730886850152
2.2629969418960245 1.8990825688073394
1.6819571865443426 1.8990825688073394
1.327217125382263 1.9051987767584098
2.1223241590214066 1.892966360856269
0.26299694189602446 1.8960244648318043
2.7400611620795106 1.8868501529051989
2.45565749235474 1.8868501529051989
1.9938837920489296 1.8868501529051989
1.1162079510703364 1.889908256880734
0.09480122324159021 1.8990825688073394
1.5504587155963303 1.8776758409785932
1.0428134556574924 1.889908256880734
0.40978593272171254 1.8868501529051989
0.9541284403669725 1.8807339449541285
1.2446483180428134 1.8776758409785932
1.4770642201834863 1.8746177370030581
2.929663608562691 1.8776758409785932
2.6666666666666665 1.8623853211009174
2.3547400611620795 1.871559633027523
0.6941896024464832 1.856269113149847
0.5474006116207951 1.853211009174312
1.8470948012232415 1.8593272171253823
1.1743119266055047 1.8470948012232415
0.6146788990825688 1.8470948012232415
0.1712538226299694 1.8593272171253823
3.08868501529052 1.8623853211009174
2.5840978593272173 1.8593272171253823
1.3914373088685015 1.856269113149847
3.0091743119266057 1.8470948012232415
0.8685015290519877 1.856269113149847
0.03363914373088685 1.8440366972477065
2.801223241590214 1.8440366972477065
1.6116207951070336 1.8440366972477065
0.3241590214067278 1.8470948012232415
1.9327217125382263 1.834862385321101
2.5045871559633026 1.8409785932721712
2.18348623853211 1.837920489296636
2.079510703363914 1.834862385321101
0.7798165137614679 1.837920489296636
2.003058103975535 1.819571865443425
1.0856269113149848 1.8226299694189603
0.47706422018348627 1.8318042813455657
1.0061162079510704 1.8134556574923548
2.2752293577981653 1.819571865443425
1.4464831804281346 1.8103975535168195
3.128440366972477 1.7951070336391437
2.874617737003058 1.81651376146789
2.72782874617737 1.8073394495412844
2.4281345565749235 1.8073394495412844
1.305810397553517 1.81651376146789
0.09174311926605505 1.8073394495412844
0.24464831804281345 1.8073394495412844
1.5229357798165137 1.801223241590214
0.636085626911315 1.7920489296636086
3.058103975535168 1.7889908256880733
2.6483180428134556 1.7859327217125383
0.9235474006116208 1.7920489296636086
0.38837920489296635 1.7951070336391437
0.709480122324159 1.782874617737003
2.3516819571865444 1.7767584097859328
1.3761467889908257 1.7767584097859328
1.8746177370030581 1.7767584097859328
0.1651376146788991 1.7767584097859328
2.9602446483180427 1.7798165137614679
2.5688073394495414 1.7737003058103975
0.5259938837920489 1.7737003058103975
0.01529051987767584 1.7675840978593271
0.8348623853211009 1.7675840978593271
2.125382262996942 1.764525993883792
0.308868501529052 1.761467889908257
1.9510703363914372 1.7584097859327217
2.036697247706422 1.7553516819571866
2.2110091743119265 1.7522935779816513
1.45565749235474 1.7492354740061162
1.2446483180428134 1.7522935779816513
2.4862385321100917 1.7522935779816513
2.290519877675841 1.746177370030581
1.0642201834862386 1.746177370030581
2.8807339449541285 1.7400611620795108
1.5932721712538227 1.7522935779816513
2.7981651376146788 1.7492354740061162
0.581039755351682 1.730886850152905
3.1009174311926606 1.730886850152905
1.5198776758409787 1.72782874617737
0.44648318042813456 1.7370030581039755
0.2324159021406728 1.724770642201835
0.0856269113149847 1.72782874617737
2.7003058103975537 1.72782874617737
1.81651376146789 1.7217125382262997
0.9877675840978594 1.7339449541284404
2.4159021406727827 1.724770642201835
1.3180428134556574 1.72782874617737
0.7675840978593272 1.72782874617737
2.617737003058104 1.709480122324159
2.54434250764526 1.7033639143730888
0.1620795107033639 1.7064220183486238
0.363914373088685 1.7064220183486238
3.018348623853211 1.7125382262996942
0.8960244648318043 1.7064220183486238
1.1131498470948011 1.694189602446483
1.3883792048929664 1.694189602446483
2.070336391437309 1.694189602446483
1.981651376146789 1.6850152905198776
2.929663608562691 1.6819571865443426
1.889908256880734 1.6850152905198776
1.1865443425076452 1.6819571865443426
0.5045871559633027 1.6819571865443426
2.3394495412844036 1.6819571865443426
2.2507645259938838 1.6758409785932722
2.159021406727829 1.6788990825688073
1.4648318042813455 1.672782874617737
0.29357798165137616 1.672782874617737
0.01529051987767584 1.6788990825688073
1.6330275229357798 1.672782874617737
2.837920489296636 1.672782874617737
2.4831804281345566 1.6697247706422018
1.2568807339449541 1.6666666666666667
1.8042813455657492 1.654434250764526
0.963302752293578 1.6605504587155964
0.8287461773700305 1.6697247706422018
1.0458715596330275 1.657492354740061
2.654434250764526 1.651376146788991
3.08868501529052 1.654434250764526
1.7186544342507646 1.6605504587155964
0.7492354740061162 1.6452599388379205
0.5779816513761468 1.6483180428134556
0.41896024464831805 1.6452599388379205
0.2018348623853211 1.6483180428134556
1.5412844036697249 1.651376146788991
2.743119266055046 1.6483180428134556
1.3333333333333333 1.636085626911315
2.4097859327217126 1.636085626911315
0.10091743119266056 1.6330275229357798
3.003058103975535 1.6269113149847094
3.128440366972477 1.6085626911314985
2.5688073394495414 1.6299694189602447
1.1253822629969419 1.617737003058104
1.9327217125382263 1.614678899082569
0.672782874617737 1.614678899082569
2.1957186544342506 1.6055045871559632
1.4128440366972477 1.6116207951070336
2.8073394495412844 1.5963302752293578
2.27217125382263 1.6085626911314985
2.0244648318042815 1.614678899082569
1.7553516819571866 1.5932721712538227
0.012232415902140673 1.5963302752293578
0.8960244648318043 1.6055045871559632
1.6024464831804281 1.5932721712538227
1.201834862385321 1.5963302752293578
2.1162079510703364 1.5932721712538227
1.6819571865443426 1.584097859327217
1.070336391437309 1.584097859327217
0.9908256880733946 1.5932721712538227
0.8134556574923547 1.584097859327217
2.4862385321100917 1.5871559633027523
2.345565749235474 1.5871559633027523
0.4984709480122324 1.5902140672782874
0.3486238532110092 1.5871559633027523
0.26605504587155965 1.5871559633027523
1.2813455657492354 1.5749235474006116
0.7370030581039755 1.5688073394495412
0.5963302752293578 1.5749235474006116
0.42201834862385323 1.5657492354740061
1.3608562691131498 1.5565749235474007
1.529051987767584 1.5565749235474007
3.076452599388379 1.562691131498471
2.7308868501529053 1.5565749235474007
2.6422018348623855 1.5596330275229358
1.452599388379205 1.54434250764526
0.1712538226299694 1.5596330275229358
2.9908256880733943 1.547400611620795
2.4159021406727827 1.547400611620795
2.217125382262997 1.5412844036697249
2.5565749235474007 1.5412844036697249
2.287461773700306 1.5351681957186545
1.8990825688073394 1.5412844036697249
0.6666666666666666 1.5382262996941896
0.07951070336391437 1.5412844036697249
1.9755351681957187 1.5351681957186545
2.8134556574923546 1.5229357798165137
1.1345565749235473 1.525993883792049
1.6697247706422018 1.5137614678899083
2.146788990825688 1.5168195718654434
2.0611620795107033 1.5198776758409787
1.5932721712538227 1.5137614678899083
1.7553516819571866 1.5168195718654434
0.9510703363914373 1.5198776758409787
0.4617737003058104 1.510703363914373
0.308868501529052 1.5137614678899083
2.923547400611621 1.507645259938838
1.039755351681957 1.5137614678899083
0.7737003058103975 1.507645259938838
0.0061162079510703364 1.5168195718654434
0.8654434250764526 1.5137614678899083
2.3547400611620795 1.5015290519877675
1.2262996941896025 1.507645259938838
2.489296636085627 1.4984709480122325
1.311926605504587 1.492354740061162
1.834862385321101 1.492354740061162
1.3975535168195719 1.492354740061162
3.0305810397553516 1.4831804281345566
0.37920489296636084 1.492354740061162
2.636085626911315 1.4770642201834863
2.562691131498471 1.470948012232416
1.489296636085627 1.4801223241590213
2.7155963302752295 1.474006116207951
0.5932721712538226 1.4801223241590213
0.14067278287461774 1.474006116207951
3.1131498470948014 1.4770642201834863
2.287461773700306 1.4678899082568808
2.2048929663608563 1.470948012232416
1.9143730886850152 1.4648318042813455
2.4220183486238533 1.4617737003058104
0.22935779816513763 1.4770642201834863
2.003058103975535 1.45565749235474
1.0948012232415902 1.45565749235474
2.7889908256880735 1.4495412844036697
0.691131498470948 1.4617737003058104
0.5045871559633027 1.452599388379205
2.8654434250764527 1.45565749235474
1.7186544342507646 1.4495412844036697
1.562691131498471 1.4495412844036697
1.6422018348623852 1.4464831804281346
0.06116207951070336 1.452599388379205
1.1712538226299694 1.4434250764525993
0.8409785932721713 1.4342507645259939
1.7889908256880733 1.4342507645259939
0.9174311926605505 1.437308868501529
2.0978593272171255 1.4434250764525993
0.43730886850152906 1.4342507645259939
1.4342507645259939 1.4250764525993884
1.0061162079510704 1.4342507645259939
0.7522935779816514 1.4342507645259939
2.9571865443425076 1.4342507645259939
1.2568807339449541 1.4250764525993884
3.055045871559633 1.4128440366972477
0.30275229357798167 1.418960244648318
0.0030581039755351682 1.418960244648318
0.18654434250764526 1.4067278287461773
0.11009174311926606 1.4036697247706422
2.5137614678899083 1.4128440366972477
2.3516819571865444 1.415902140672783
1.856269113149847 1.4067278287461773
0.6422018348623854 1.4067278287461773
1.3516819571865444 1.4097859327217126
0.37920489296636084 1.400611620795107
2.669724770642202 1.400611620795107
2.168195718654434 1.3944954128440368
1.9418960244648318 1.3944954128440368
0.5596330275229358 1.3944954128440368
3.1223241590214066 1.3914373088685015
2.743119266055046 1.3914373088685015
2.2599388379204894 1.3914373088685015
1.110091743119266 1.382262996941896
1.5015290519877675 1.3883792048929664
2.996941896024465 1.3669724770642202
2.0275229357798166 1.382262996941896
1.6024464831804281 1.379204892966361
2.437308868501529 1.3761467889908257
0.7981651376146789 1.3669724770642202
0.4740061162079511 1.3730886850152906
2.831804281345566 1.379204892966361
0.9541284403669725 1.363914373088685
1.6972477064220184 1.3700305810397553
0.709480122324159 1.3700305810397553
1.4220183486238531 1.3547400611620795
1.036697247706422 1.3547400611620795
2.1039755351681957 1.3516819571865444
0.2415902140672783 1.3516819571865444
1.1926605504587156 1.3577981651376148
0.8715596330275229 1.3547400611620795
1.798165137614679 1.3516819571865444
1.2874617737003058 1.345565749235474
2.3425076452599387 1.3363914373088686
2.5932721712538225 1.342507645259939
0.1559633027522936 1.3394495412844036
3.0642201834862384 1.3333333333333333
2.926605504587156 1.342507645259939
2.7003058103975537 1.3241590214067278
2.168195718654434 1.327217125382263
0.6299694189602446 1.3302752293577982
1.9694189602446484 1.3241590214067278
0.41590214067278286 1.3363914373088686
0.05198776758409786 1.3394495412844036
1.8868501529051989 1.3302752293577982
1.5535168195718654 1.3180428134556574
1.3577981651376148 1.3180428134556574
0.3241590214067278 1.3302752293577982
2.7737003058103977 1.311926605504587
0.5474006116207951 1.311926605504587
3.1223241590214066 1.311926605504587
2.507645259938838 1.3149847094801224
2.2629969418960245 1.311926605504587
2.853211009174312 1.2996941896024465
2.036697247706422 1.2966360856269112
1.4097859327217126 1.2813455657492354
1.0581039755351682 1.2874617737003058
1.4801223241590213 1.2935779816513762
3.0 1.290519877675841
1.730886850152905 1.2935779816513762
1.2262996941896025 1.2874617737003058
1.1345565749235473 1.290519877675841
0.0030581039755351682 1.2782874617737003
0.9755351681957186 1.290519877675841
2.418960244648318 1.2935779816513762
0.7981651376146789 1.2935779816513762
0.7033639143730887 1.2874617737003058
1.6330275229357798 1.2874617737003058
1.3027522935779816 1.27217125382263
2.1957186544342506 1.269113149847095
0.8929663608562691 1.275229357798165
2.6513761467889907 1.269113149847095
2.1131498470948014 1.2660550458715596
1.8318042813455657 1.269113149847095
0.20795107033639143 1.269113149847095
3.073394495412844 1.2507645259938838
2.7308868501529053 1.2507645259938838
0.4709480122324159 1.2660550458715596
0.3761467889908257 1.253822629969419
0.290519877675841 1.2507645259938838
3.128440366972477 1.2324159021406729
1.6850152905198776 1.235474006116208
2.5718654434250765 1.2507645259938838
2.3333333333333335 1.253822629969419
1.3577981651376148 1.2446483180428134
0.5474006116207951 1.2415902140672783
2.914373088685015 1.2477064220183487
2.8103975535168195 1.2415902140672783
2.492354740061162 1.235474006116208
2.253822629969419 1.2293577981651376
1.54434250764526 1.235474006116208
0.746177370030581 1.2201834862385321
0.6269113149847095 1.2415902140672783
1.091743119266055 1.2232415902140672
1.761467889908257 1.217125382262997
1.1743119266055047 1.217125382262997
1.0091743119266054 1.2201834862385321
0.8348623853211009 1.2079510703363914
0.01529051987767584 1.2110091743119267
1.4464831804281346 1.2079510703363914
3.003058103975535 1.201834862385321
2.0336391437308867 1.2079510703363914
0.9235474006116208 1.201834862385321
2.856269113149847 1.18348623853211
2.4128440366972477 1.201834862385321
1.2660550458715596 1.2079510703363914
1.620795107033639 1.1926605504587156
0.5045871559633027 1.180428134556575
0.5779816513761468 1.1773700305810397
0.41896024464831805 1.1896024464831805
1.853211009174312 1.18348623853211
0.3363914373088685 1.180428134556575
2.3425076452599387 1.1681957186544343
1.6972477064220184 1.1743119266055047
0.6941896024464832 1.1743119266055047
3.085626911314985 1.1712538226299694
0.2415902140672783 1.1743119266055047
2.27217125382263 1.1590214067278288
2.5779816513761467 1.165137614678899
2.492354740061162 1.1559633027522935
1.2079510703363914 1.143730886850153
2.767584097859327 1.162079510703364
1.3516819571865444 1.1559633027522935
0.7675840978593272 1.146788990825688
1.033639143730887 1.143730886850153
1.9480122324159022 1.146788990825688
1.1253822629969419 1.1406727828746177
2.926605504587156 1.143730886850153
1.7767584097859328 1.1345565749235473
0.6330275229357798 1.128440366972477
0.8623853211009175 1.1345565749235473
2.036697247706422 1.1223241590214068
0.05198776758409786 1.1314984709480123
0.9480122324159022 1.1192660550458715
1.269113149847095 1.1162079510703364
1.8593272171253823 1.110091743119266
1.4342507645259939 1.1192660550458715
2.7155963302752295 1.1009174311926606
3.1070336391437308 1.0948012232415902
0.4709480122324159 1.1131498470948011
0.0030581039755351682 1.0825688073394495
0.30275229357798167 1.107033639143731
0.13149847094801223 1.1009174311926606
2.850152905198777 1.1009174311926606
2.4159021406727827 1.107033639143731
0.7064220183486238 1.091743119266055
0.5565749235474006 1.0978593272171253
0.38837920489296635 1.1039755351681957
2.241590214067278 1.0886850152905199
2.929663608562691 1.0764525993883791
1.9204892966360856 1.070336391437309
1.0856269113149848 1.073394495412844
2.327217125382263 1.0886850152905199
2.776758409785933 1.0672782874617737
1.3333333333333333 1.070336391437309
1.0152905198776758 1.0672782874617737
0.21100917431192662 1.0795107033639144
1.492354740061162 1.055045871559633
2.5137614678899083 1.0672782874617737
1.5718654434250765 1.0581039755351682
1.1773700305810397 1.070336391437309
0.7889908256880734 1.0642201834862386
1.7767584097859328 1.055045871559633
2.079510703363914 1.0489296636085628
0.8807339449541285 1.0581039755351682
0.04892966360856269 1.0458715596330275
1.9938837920489296 1.0519877675840978
0.5076452599388379 1.039755351681957
0.6391437308868502 1.0458715596330275
2.1743119266055047 1.039755351681957
3.125382262996942 1.0275229357798166
1.4067278287461773 1.0305810397553516
1.856269113149847 1.0305810397553516
1.253822629969419 1.036697247706422
2.874617737003058 1.0275229357798166
0.44036697247706424 1.0244648318042813
2.4220183486238533 1.0244648318042813
1.1162079510703364 1.0122324159021407
0.3669724770642202 1.0152905198776758
3.0611620795107033 1.018348623853211
0.9602446483180428 1.018348623853211
2.27217125382263 1.0152905198776758
0.12232415902140673 1.0122324159021407
0.0030581039755351682 1.0
2.712538226299694 1.0152905198776758
1.9357798165137614 1.0
1.54434250764526 1.0
0.28440366972477066 1.0122324159021407
2.5535168195718656 1.0
0.7186544342507645 1.0061162079510704
2.7951070336391437 0.9969418960244648
1.0428134556574924 0.9969418960244648
1.6238532110091743 0.9908256880733946
1.3302752293577982 0.9908256880733946
0.19877675840978593 0.9877675840978594
0.5657492354740061 0.9969418960244648
2.1162079510703364 0.9785932721712538
1.798165137614679 0.9785932721712538
2.0397553516819573 0.9785932721712538
1.474006116207951 0.9785932721712538
1.18348623853211 0.9785932721712538
2.3486238532110093 0.9847094801223242
0.8134556574923547 0.9755351681957186
1.7155963302752293 0.9755351681957186
2.1957186544342506 0.9602446483180428
0.04892966360856269 0.963302752293578
2.4801223241590216 0.9694189602446484
3.1162079510703364 0.9571865443425076
0.9021406727828746 0.963302752293578
0.6452599388379205 0.9571865443425076
1.8776758409785932 0.9480122324159022
1.2629969418960245 0.944954128440367
0.0030581039755351682 0.9296636085626911
2.63302752293578 0.9541284403669725
2.8654434250764527 0.944954128440367
0.9785932721712538 0.9418960244648318
2.4097859327217126 0.9327217125382263
1.3944954128440368 0.944954128440367
0.4892966360856269 0.9510703363914373
3.0275229357798166 0.9357798165137615
0.40672782874617736 0.9388379204892966
0.3333333333333333 0.9357798165137615
0.72782874617737 0.926605504587156
2.53822629969419 0.9204892966360856
2.2752293577981653 0.926605504587156
1.960244648318043 0.9296636085626911
0.5871559633027523 0.9174311926605505
1.5535168195718654 0.9204892966360856
1.1039755351681957 0.9296636085626911
1.651376146788991 0.9143730886850153
0.24464831804281345 0.9174311926605505
2.767584097859327 0.9174311926605505
2.0397553516819573 0.9051987767584098
1.1926605504587156 0.9051987767584098
1.8103975535168195 0.9021406727828746
2.2048929663608563 0.8899082568807339
2.1223241590214066 0.9021406727828746
3.0978593272171255 0.8899082568807339
0.7981651376146789 0.8837920489296636
2.9357798165137616 0.8990825688073395
1.8960244648318043 0.8807339449541285
1.7339449541284404 0.8899082568807339
2.685015290519878 0.8837920489296636
0.6574923547400612 0.8776758409785933
1.4587155963302751 0.8837920489296636
0.5168195718654435 0.8837920489296636
2.44954128440367 0.8715596330275229
1.3577981651376148 0.8685015290519877
1.036697247706422 0.8776758409785933
0.963302752293578 0.8654434250764526
0.045871559633027525 0.8776758409785933
0.3669724770642202 0.8654434250764526
2.599388379204893 0.8654434250764526
0.8837920489296636 0.8715596330275229
2.3486238532110093 0.8715596330275229
1.2629969418960245 0.8654434250764526
0.72782874617737 0.8501529051987767
3.015290519877676 0.8532110091743119
2.5198776758409784 0.8470948012232415
1.6788990825688073 0.8440366972477065
1.5963302752293578 0.8470948012232415
0.44036697247706424 0.8532110091743119
0.5871559633027523 0.8470948012232415
2.840978593272171 0.8501529051987767
2.0642201834862384 0.8318042813455657
1.525993883792049 0.8379204892966361
1.9785932721712538 0.8409785932721713
0.2996941896024465 0.8409785932721713
2.2262996941896023 0.8287461773700305
2.149847094801223 0.8287461773700305
0.8409785932721713 0.8165137614678899
3.125382262996942 0.8256880733944955
1.8318042813455657 0.8256880733944955
1.146788990825688 0.8348623853211009
2.743119266055046 0.8287461773700305
1.7492354740061162 0.8165137614678899
2.908256880733945 0.8165137614678899
0.20795107033639143 0.8318042813455657
1.562691131498471 0.8012232415902141
1.073394495412844 0.8042813455657493
3.067278287461774 0.8012232415902141
2.6513761467889907 0.8042813455657493
1.0 0.8012232415902141
0.6574923547400612 0.8042813455657493
0.7798165137614679 0.7981651376146789
0.5107033639143731 0.8012232415902141
1.3180428134556574 0.7889908256880734
0.024464831804281346 0.7981651376146789
2.474006116207951 0.7859327217125383
2.397553516819572 0.7920489296636085
0.9143730886850153 0.7951070336391437
0.1162079510703364 0.7951070336391437
2.565749235474006 0.7798165137614679
1.6299694189602447 0.7828746177370031
1.2201834862385321 0.7798165137614679
2.9755351681957185 0.7798165137614679
1.9174311926605505 0.7767584097859327
1.7125382262996942 0.7584097859327217
2.0091743119266057 0.764525993883792
0.8379204892966361 0.7614678899082569
0.5840978593272171 0.764525993883792
0.3730886850152905 0.7767584097859327
2.1896024464831805 0.7584097859327217
0.7155963302752294 0.7522935779816514
0.27217125382262997 0.7553516819571865
2.0978593272171255 0.7584097859327217
2.8073394495412844 0.7584097859327217
1.128440366972477 0.746177370030581
2.709480122324159 0.7492354740061162
1.4954128440366972 0.746177370030581
0.43730886850152906 0.7400611620795107
1.801223241590214 0.746177370030581
3.0397553516819573 0.7308868501529052
0.8960244648318043 0.7186544342507645
0.9663608562691132 0.72782874617737
3.1162079510703364 0.7339449541284404
2.8929663608562692 0.7339449541284404
1.0458715596330275 0.7308868501529052
2.507645259938838 0.7217125382262997
0.6513761467889908 0.7217125382262997
1.5749235474006116 0.72782874617737
0.18960244648318042 0.72782874617737
0.7706422018348624 0.7155963302752294
0.5137614678899083 0.7155963302752294
1.8807339449541285 0.7064220183486238
1.7400611620795108 0.6972477064220184
1.363914373088685 0.709480122324159
1.2844036697247707 0.709480122324159
1.1957186544342508 0.7003058103975535
1.4495412844036697 0.6850152905198776
0.3333333333333333 0.6972477064220184
2.6605504587155964 0.691131498470948
1.963302752293578 0.6941896024464832
1.657492354740061 0.6972477064220184
2.9724770642201834 0.6880733944954128
2.7553516819571864 0.6850152905198776
2.581039755351682 0.6941896024464832
2.238532110091743 0.6850152905198776
2.149847094801223 0.6850152905198776
0.7064220183486238 0.6788990825688074
2.4250764525993884 0.6972477064220184
0.0030581039755351682 0.6636085626911316
2.051987767584098 0.6819571865443425
2.327217125382263 0.6819571865443425
0.24770642201834864 0.6758409785932722
3.125382262996942 0.6605504587155964
2.831804281345566 0.6697247706422018
1.5229357798165137 0.6697247706422018
1.0948012232415902 0.672782874617737
0.5718654434250765 0.6758409785932722
2.8990825688073394 0.6574923547400612
1.0122324159021407 0.6605504587155964
0.926605504587156 0.6574923547400612
0.40061162079510704 0.6636085626911316
2.4434250764525993 0.6299694189602446
0.8409785932721713 0.6605504587155964
0.636085626911315 0.6452599388379205
3.051987767584098 0.6483180428134556
2.7003058103975537 0.636085626911315
2.2110091743119265 0.6238532110091743
1.8073394495412844 0.6452599388379205
0.1345565749235474 0.6452599388379205
2.507645259938838 0.6391437308868502
1.345565749235474 0.636085626911315
1.2660550458715596 0.6391437308868502
0.7584097859327217 0.6330275229357798
1.709480122324159 0.6269113149847095
1.165137614678899 0.6269113149847095
0.045871559633027525 0.617737003058104
0.4923547400611621 0.6238532110091743
2.6269113149847096 0.6146788990825688
1.8990825688073394 0.6207951070336392
1.6024464831804281 0.6238532110091743
1.4464831804281346 0.617737003058104
2.7737003058103977 0.6085626911314985
2.1376146788990824 0.6085626911314985
0.3394495412844037 0.6116207951070336
0.691131498470948 0.6055045871559633
3.1162079510703364 0.5963302752293578
2.9602446483180427 0.6055045871559633
1.9847094801223242 0.6085626911314985
2.0611620795107033 0.599388379204893
0.20795107033639143 0.599388379204893
2.2782874617737003 0.5963302752293578
0.9724770642201835 0.5871559633027523
0.8837920489296636 0.581039755351682
0.8103975535168195 0.581039755351682
2.859327217125382 0.5840978593272171
1.0672782874617737 0.5840978593272171
0.5718654434250765 0.581039755351682
1.5229357798165137 0.581039755351682
2.697247706422018 0.5657492354740061
2.5565749235474007 0.5688073394495413
1.7767584097859328 0.5626911314984709
1.2201834862385321 0.5626911314984709
1.3883792048929664 0.5657492354740061
0.13149847094801223 0.5626911314984709
0.7431192660550459 0.5535168195718655
0.41590214067278286 0.5688073394495413
2.4648318042813457 0.5657492354740061
0.28134556574923547 0.5565749235474006
3.0336391437308867 0.5596330275229358
1.6788990825688073 0.5565749235474006
1.143730886850153 0.5474006116207951
2.2018348623853212 0.5565749235474006
1.856269113149847 0.5412844036697247
1.305810397553517 0.5474006116207951
0.4954128440366973 0.5351681957186545
0.045871559633027525 0.5412844036697247
1.9357798165137614 0.5321100917431193
2.929663608562691 0.5290519877675841
1.599388379204893 0.5290519877675841
2.623853211009174 0.5290519877675841
1.0 0.5198776758409785
0.8379204892966361 0.5168195718654435
2.761467889908257 0.5259938837920489
0.6574923547400612 0.5290519877675841
2.379204892966361 0.5198776758409785
2.2966360856269112 0.5168195718654435
2.021406727828746 0.5229357798165137
3.1131498470948014 0.5198776758409785
2.1131498470948014 0.5229357798165137
1.7400611620795108 0.5045871559633027
0.5596330275229358 0.5045871559633027
1.5351681957186545 0.4984709480122324
0.3516819571865443 0.5107033639143731
0.19571865443425077 0.5107033639143731
1.45565749235474 0.5168195718654435
1.238532110091743 0.4984709480122324
2.996941896024465 0.4892966360856269
2.8440366972477062 0.4954128440366973
2.229357798165138 0.48623853211009177
0.27217125382262997 0.4831804281345566
2.688073394495413 0.48623853211009177
0.11009174311926606 0.4801223241590214
1.0795107033639144 0.4892966360856269
0.9204892966360856 0.4923547400611621
0.42813455657492355 0.4831804281345566
2.46177370030581 0.4801223241590214
1.3730886850152906 0.4801223241590214
0.7675840978593272 0.4831804281345566
1.8134556574923548 0.4740061162079511
2.54434250764526 0.47706422018348627
1.672782874617737 0.4709480122324159
1.165137614678899 0.46788990825688076
0.6146788990825688 0.46788990825688076
0.0030581039755351682 0.4740061162079511
1.2996941896024465 0.4617737003058104
2.620795107033639 0.45565749235474007
1.892966360856269 0.45871559633027525
1.9755351681957187 0.45565749235474007
0.4984709480122324 0.4525993883792049
2.920489296636086 0.4434250764525994
2.2752293577981653 0.44036697247706424
2.162079510703364 0.44036697247706424
2.3486238532110093 0.4434250764525994
1.4342507645259939 0.43425076452599387
2.758409785932722 0.4434250764525994
1.5932721712538227 0.44648318042813456
0.8409785932721713 0.43730886850152906
0.6972477064220184 0.43730886850152906
3.073394495412844 0.44036697247706424
2.0642201834862384 0.43119266055045874
1.746177370030581 0.42813455657492355
0.5565749235474006 0.42507645259938837
1.5015290519877675 0.43119266055045874
1.003058103975535 0.43425076452599387
0.3241590214067278 0.42813455657492355
1.2262996941896025 0.41896024464831805
2.4220183486238533 0.41284403669724773
2.675840978593272 0.4036697247706422
0.07339449541284404 0.40978593272171254
2.9908256880733943 0.40061162079510704
0.43730886850152906 0.40061162079510704
3.125382262996942 0.382262996941896
2.5015290519877675 0.39755351681957185
0.7737003058103975 0.3944954128440367
1.3761467889908257 0.39143730886850153
0.9143730886850153 0.3944954128440367
1.8226299694189603 0.38837920489296635
1.143730886850153 0.38837920489296635
2.837920489296636 0.39143730886850153
1.9051987767584098 0.37920489296636084
2.305810397553517 0.37003058103975534
2.229357798165138 0.3730886850152905
1.6697247706422018 0.37920489296636084
1.2966360856269112 0.3761467889908257
0.0030581039755351682 0.3730886850152905
0.37003058103975534 0.37003058103975534
2.5871559633027523 0.3761467889908257
2.3700305810397553 0.363914373088685
1.4617737003058104 0.363914373088685
2.140672782874618 0.3669724770642202
1.9908256880733946 0.37003058103975534
1.5688073394495412 0.37003058103975534
0.5779816513761468 0.3577981651376147
1.7492354740061162 0.3577981651376147
0.5045871559633027 0.363914373088685
2.9174311926605503 0.3577981651376147
0.8440366972477065 0.3516819571865443
0.2966360856269113 0.3547400611620795
2.746177370030581 0.3547400611620795
1.0581039755351682 0.3547400611620795
2.0642201834862384 0.3516819571865443
0.7125382262996942 0.3516819571865443
1.2110091743119267 0.3394495412844037
0.9755351681957186 0.345565749235474
3.067278287461774 0.345565749235474
2.437308868501529 0.3363914373088685
1.8685015290519877 0.327217125382263
2.984709480122324 0.3241590214067278
2.6605504587155964 0.3211009174311927
0.6391437308868502 0.3180428134556575
0.7828746177370031 0.308868501529052
2.850152905198777 0.3058103975535168
2.5137614678899083 0.3119266055045872
2.1865443425076454 0.30275229357798167
1.6299694189602447 0.3058103975535168
1.3577981651376148 0.308868501529052
1.275229357798165 0.2996941896024465
1.1314984709480123 0.30275229357798167
0.43425076452599387 0.3149847094801223
1.9418960244648318 0.2996941896024465
0.0030581039755351682 0.29357798165137616
2.3577981651376145 0.290519877675841
2.27217125382263 0.2966360856269113
1.4403669724770642 0.290519877675841
0.345565749235474 0.29357798165137616
2.110091743119266 0.290519877675841
1.8042813455657492 0.2966360856269113
1.5321100917431192 0.2996941896024465
0.5443425076452599 0.290519877675841
0.1743119266055046 0.29357798165137616
2.5902140672782874 0.28440366972477066
0.9021406727828746 0.2966360856269113
0.25076452599388377 0.290519877675841
3.09480122324159 0.27522935779816515
2.0244648318042815 0.28440366972477066
1.7186544342507646 0.2874617737003058
1.2048929663608563 0.26605504587155965
2.7737003058103977 0.27217125382262997
1.0519877675840978 0.27217125382262997
2.926605504587156 0.2691131498470948
1.871559633027523 0.25688073394495414
0.9785932721712538 0.25688073394495414
0.4709480122324159 0.24770642201834864
2.4434250764525993 0.25688073394495414
1.6636085626911314 0.2415902140672783
0.7125382262996942 0.25688073394495414
2.223241590214067 0.23853211009174313
0.8348623853211009 0.23853211009174313
3.018348623853211 0.24770642201834864
2.685015290519878 0.23853211009174313
0.1162079510703364 0.2324159021406728
2.149847094801223 0.2324159021406728
2.522935779816514 0.2324159021406728
2.070336391437309 0.22324159021406728
1.5871559633027523 0.22935779816513763
0.617737003058104 0.2324159021406728
1.400611620795107 0.22935779816513763
1.4984709480122325 0.22324159021406728
0.39143730886850153 0.22324159021406728
1.308868501529052 0.22629969418960244
2.856269113149847 0.22324159021406728
1.1253822629969419 0.21712538226299694
0.2996941896024465 0.21712538226299694
3.125382262996942 0.21100917431192662
0.027522935779816515 0.21712538226299694
0.19571865443425077 0.20795107033639143
2.6055045871559632 0.2018348623853211
1.819571865443425 0.20489296636085627
1.2140672782874617 0.19877675840978593
0.9235474006116208 0.2018348623853211
0.7675840978593272 0.1926605504587156
2.36697247706422 0.19877675840978593
1.7339449541284404 0.19877675840978593
0.5321100917431193 0.19877675840978593
1.892966360856269 0.1834862385321101
2.287461773700306 0.18654434250764526
2.782874617737003 0.1834862385321101
2.46177370030581 0.1743119266055046
1.0275229357798166 0.1834862385321101
2.9388379204892967 0.17737003058103976
3.051987767584098 0.16819571865443425
2.1926605504587156 0.1743119266055046
2.7033639143730888 0.1651376146788991
1.5596330275229358 0.16819571865443425
1.6483180428134556 0.1651376146788991
1.45565749235474 0.1651376146788991
0.6819571865443425 0.1651376146788991
0.4434250764525994 0.1651376146788991
2.1039755351681957 0.15902140672782875
0.3516819571865443 0.14984709480122324
1.3700305810397553 0.14984709480122324
2.541284403669725 0.14678899082568808
0.8409785932721713 0.1529051987767584
0.26299694189602446 0.1437308868501529
2.8470948012232418 0.13761467889908258
0.10703363914373089 0.1437308868501529
1.275229357798165 0.14067278287461774
0.5963302752293578 0.13761467889908258
1.165137614678899 0.13149847094801223
3.1223241590214066 0.12538226299694188
2.614678899082569 0.12232415902140673
2.0244648318042815 0.11926605504587157
0.18042813455657492 0.12232415902140673
0.021406727828746176 0.12232415902140673
1.856269113149847 0.11926605504587157
1.0795107033639144 0.11926605504587157
2.981651376146789 0.11314984709480122
1.9357798165137614 0.1162079510703364
2.758409785932722 0.10703363914373089
2.400611620795107 0.1162079510703364
1.691131498470948 0.10703363914373089
2.2477064220183487 0.11009174311926606
1.7767584097859328 0.1162079510703364
1.6055045871559632 0.10091743119266056
0.9969418960244648 0.10397553516819572
0.7584097859327217 0.11009174311926606
2.1559633027522938 0.10091743119266056
2.3425076452599387 0.10091743119266056
1.5137614678899083 0.10091743119266056
0.9174311926605505 0.10091743119266056
3.055045871559633 0.08868501529051988
0.5076452599388379 0.09785932721712538
2.6788990825688073 0.0856269113149847
2.4801223241590216 0.08868501529051988
0.41284403669724773 0.08868501529051988
0.23547400611620795 0.07033639143730887
0.3180428134556575 0.08256880733944955
2.8990825688073394 0.07951070336391437
2.5535168195718656 0.07033639143730887
0.8256880733944955 0.06422018348623854
0.6666666666666666 0.07339449541284404
2.81651376146789 0.06116207951070336
1.385321100917431 0.07033639143730887
3.1131498470948014 0.04892966360856269
1.2324159021406729 0.06116207951070336
0.0030581039755351682 0.04892966360856269
1.9877675840978593 0.04892966360856269
1.8990825688073394 0.045871559633027525
1.470948012232416 0.039755351681957186
2.0825688073394497 0.05198776758409786
1.1345565749235473 0.045871559633027525
0.08256880733944955 0.045871559633027525
2.746177370030581 0.03363914373088685
2.611620795107034 0.03669724770642202
1.819571865443425 0.03363914373088685
1.0489296636085628 0.03669724770642202
0.9602446483180428 0.03363914373088685
0.5688073394495413 0.039755351681957186
0.44648318042813456 0.03058103975535168
3.070336391437309 0.0030581039755351682
2.856269113149847 0.0030581039755351682
2.6788990825688073 0.0030581039755351682
2.5045871559633026 0.0061162079510703364
2.4281345565749235 0.024464831804281346
2.3486238532110093 0.01834862385321101
2.2813455657492354 0.027522935779816515
2.2018348623853212 0.03058103975535168
2.140672782874618 0.0030581039755351682
1.9480122324159022 0.0030581039755351682
1.72782874617737 0.027522935779816515
1.657492354740061 0.027522935779816515
1.5688073394495412 0.027522935779816515
1.418960244648318 0.0030581039755351682
1.308868501529052 0.0061162079510703364
0.8868501529051988 0.009174311926605505
0.8073394495412844 0.0030581039755351682
0.7431192660550459 0.021406727828746176
0.6697247706422018 0.0030581039755351682
0.5045871559633027 0.0030581039755351682
0.36085626911314983 0.01529051987767584
0.27522935779816515 0.0061162079510703364
0.1743119266055046 0.01834862385321101
