2.929663608562691 2.2844036697247705
1.7064220183486238 2.2844036697247705
0.009174311926605505 2.2599388379204894
2.3180428134556577 2.27217125382263
3.1009174311926606 2.241590214067278
2.767584097859327 2.223241590214067
2.5596330275229358 2.256880733944954
2.091743119266055 2.238532110091743
1.2446483180428134 2.2507645259938838
0.8593272171253823 2.232415902140673
0.6299694189602446 2.238532110091743
1.039755351681957 2.180428134556575
1.8776758409785932 2.1896024464831805
1.5045871559633028 2.2018348623853212
0.37920489296636084 2.165137614678899
1.688073394495413 2.1070336391437308
0.14067278287461774 2.1131498470948014
2.9388379204892967 2.079510703363914
3.125382262996942 2.0244648318042815
2.4464831804281344 2.055045871559633
1.1406727828746177 2.0336391437308867
0.7370030581039755 2.0397553516819573
2.694189602446483 2.036697247706422
1.9785932721712538 2.021406727828746
2.217125382262997 2.0428134556574924
0.9235474006116208 1.981651376146789
1.492354740061162 1.9541284403669725
0.2966360856269113 1.929663608562691
2.837920489296636 1.8776758409785932
1.7492354740061162 1.9051987767584098
1.253822629969419 1.8776758409785932
0.09785932721712538 1.8776758409785932
3.0458715596330275 1.8470948012232415
2.159021406727829 1.8256880733944953
2.36085626911315 1.8287461773700306
1.0795107033639144 1.8256880733944953
2.599388379204893 1.8256880733944953
1.9204892966360856 1.8256880733944953
0.7217125382262997 1.7889908256880733
0.42201834862385323 1.7553516819571866
0.22324159021406728 1.7400611620795108
1.6299694189602447 1.7522935779816513
0.9296636085626911 1.7339449541284404
1.4067278287461773 1.7217125382262997
2.8868501529051986 1.6850152905198776
1.1712538226299694 1.6666666666666667
2.0428134556574924 1.6452599388379205
2.4648318042813457 1.6391437308868502
1.801223241590214 1.651376146788991
2.6788990825688073 1.6116207951070336
0.5626911314984709 1.6024464831804281
3.0978593272171255 1.620795107033639
2.241590214067278 1.614678899082569
0.3425076452599388 1.5749235474006116
1.5932721712538227 1.547400611620795
1.018348623853211 1.562691131498471
0.07033639143730887 1.5688073394495412
0.7767584097859327 1.54434250764526
1.3669724770642202 1.4984709480122325
3.125382262996942 1.4250764525993884
2.7370030581039755 1.4311926605504588
2.948012232415902 1.4403669724770642
2.5198776758409784 1.4403669724770642
1.7889908256880733 1.4311926605504588
2.0458715596330275 1.4403669724770642
2.293577981651376 1.3975535168195719
0.4831804281345566 1.379204892966361
1.162079510703364 1.3700305810397553
0.9113149847094801 1.342507645259939
0.6880733944954128 1.3302752293577982
0.20795107033639143 1.3363914373088686
1.3730886850152906 1.3027522935779816
1.5871559633027523 1.305810397553517
1.9051987767584098 1.253822629969419
2.8256880733944953 1.253822629969419
0.0030581039755351682 1.2293577981651376
3.051987767584098 1.2477064220183487
2.6085626911314983 1.2446483180428134
2.1376146788990824 1.217125382262997
2.379204892966361 1.1957186544342508
1.2568807339449541 1.143730886850153
1.452599388379205 1.1376146788990826
1.0305810397553516 1.1590214067278288
0.8073394495412844 1.1406727828746177
0.30275229357798167 1.165137614678899
1.761467889908257 1.1223241590214068
0.5596330275229358 1.128440366972477
3.1223241590214066 1.0489296636085628
1.963302752293578 1.0519877675840978
2.669724770642202 1.0519877675840978
2.923547400611621 1.036697247706422
1.599388379204893 1.0061162079510704
2.2110091743119265 1.018348623853211
0.0672782874617737 1.0061162079510704
2.4464831804281344 0.9724770642201835
1.165137614678899 0.9602446483180428
0.7308868501529052 0.944954128440367
1.798165137614679 0.9113149847094801
0.28440366972477066 0.9204892966360856
1.3944954128440368 0.9204892966360856
0.9388379204892966 0.9296636085626911
2.81651376146789 0.8562691131498471
2.623853211009174 0.8379204892966361
0.4801223241590214 0.8685015290519877
3.058103975535168 0.8501529051987767
2.018348623853211 0.8318042813455657
2.2599388379204894 0.8134556574923547
0.0581039755351682 0.7798165137614679
1.2660550458715596 0.764525993883792
1.614678899082569 0.7859327217125383
1.0856269113149848 0.7247706422018348
2.8990825688073394 0.6880733944954128
0.8929663608562691 0.6972477064220184
2.4801223241590216 0.709480122324159
0.25688073394495414 0.6850152905198776
0.6788990825688074 0.6941896024464832
1.834862385321101 0.6758409785932722
2.706422018348624 0.6483180428134556
0.4525993883792049 0.6238532110091743
1.415902140672783 0.6452599388379205
3.0825688073394497 0.6024464831804281
2.079510703363914 0.5963302752293578
0.05504587155963303 0.5535168195718655
2.324159021406728 0.5626911314984709
1.6391437308868502 0.5474006116207951
2.5351681957186543 0.4954128440366973
1.2140672782874617 0.5259938837920489
1.003058103975535 0.4923547400611621
0.7981651376146789 0.4801223241590214
1.853211009174312 0.4617737003058104
1.4770642201834863 0.43730886850152906
2.8685015290519877 0.46788990825688076
0.5688073394495413 0.43119266055045874
3.1009174311926606 0.3944954128440367
2.0428134556574924 0.345565749235474
1.6697247706422018 0.3302752293577982
1.2874617737003058 0.345565749235474
2.691131498470948 0.3333333333333333
2.4862385321100917 0.2996941896024465
0.04281345565749235 0.3241590214067278
0.8960244648318043 0.29357798165137616
2.2752293577981653 0.3180428134556575
1.8501529051987768 0.26299694189602446
1.0856269113149848 0.26605504587155965
1.4801223241590213 0.2415902140672783
0.72782874617737 0.22629969418960244
2.162079510703364 0.1559633027522936
2.9755351681957185 0.22324159021406728
0.4801223241590214 0.2018348623853211
2.779816513761468 0.1345565749235474
2.5871559633027523 0.12538226299694188
1.6697247706422018 0.1345565749235474
1.9938837920489296 0.12844036697247707
1.275229357798165 0.13149847094801223
0.03363914373088685 0.10703363914373089
2.3577981651376145 0.11314984709480122
3.1162079510703364 0.0581039755351682
2.926605504587156 0.0061162079510703364
2.7003058103975537 0.0030581039755351682
2.146788990825688 0.021406727828746176
1.8256880733944953 0.0061162079510703364
1.4678899082568808 0.03669724770642202
1.1009174311926606 0.0030581039755351682
0.8960244648318043 0.07033639143730887
0.6513761467889908 0.01529051987767584
0.43425076452599387 0.0030581039755351682
0.23547400611620795 0.09785932721712538
