5.801652892561983 6.190082644628099
3.9338842975206614 6.190082644628099
2.0165289256198347 6.181818181818182
0.743801652892562 6.190082644628099
0.19834710743801653 6.190082644628099
5.12396694214876 6.190082644628099
6.355371900826446 6.181818181818182
0.9586776859504132 6.181818181818182
5.6115702479338845 6.181818181818182
7.347107438016529 6.181818181818182
1.8512396694214877 6.1570247933884295
5.380165289256198 6.1652892561983474
1.165289256198347 6.1570247933884295
6.8264462809917354 6.148760330578512
2.3884297520661155 6.148760330578512
5.991735537190083 6.140495867768595
6.595041322314049 6.140495867768595
1.421487603305785 6.115702479338843
7.074380165289257 6.115702479338843
2.190082644628099 6.099173553719008
7.735537190082645 6.074380165289257
8.413223140495868 6.066115702479339
7.991735537190083 6.090909090909091
2.628099173553719 6.107438016528926
1.628099173553719 6.090909090909091
8.214876033057852 6.066115702479339
4.380165289256198 6.115702479338843
0.38016528925619836 6.082644628099174
3.5454545454545454 6.066115702479339
6.1735537190082646 6.082644628099174
4.917355371900826 6.082644628099174
0.6033057851239669 6.041322314049586
0.8181818181818182 6.024793388429752
7.520661157024794 6.049586776859504
4.074380165289257 6.066115702479339
1.9834710743801653 6.041322314049586
5.776859504132231 6.024793388429752
6.396694214876033 6.0
3.793388429752066 6.024793388429752
1.8016528925619835 5.983471074380165
0.1652892561983471 6.0
5.1735537190082646 6.008264462809917
1.024793388429752 5.991735537190083
6.785123966942149 5.966942148760331
2.8595041322314048 5.966942148760331
7.661157024793388 5.917355371900826
7.256198347107438 5.958677685950414
5.553719008264463 5.950413223140496
5.371900826446281 5.925619834710743
3.3140495867768593 5.925619834710743
1.2727272727272727 5.9421487603305785
2.4628099173553717 5.925619834710743
2.4628099173553717 5.917355371900826
4.818181818181818 5.884297520661157
8.107438016528926 5.892561983471074
7.8429752066115705 5.900826446280992
6.578512396694215 5.900826446280992
3.0991735537190084 5.867768595041323
7.016528925619835 5.900826446280992
6.198347107438017 5.859504132231405
5.983471074380165 5.892561983471074
1.5041322314049588 5.892561983471074
8.355371900826446 5.87603305785124
2.206611570247934 5.884297520661157
4.421487603305785 5.867768595041323
1.1074380165289257 5.8264462809917354
0.7024793388429752 5.8429752066115705
0.024793388429752067 5.8429752066115705
3.56198347107438 5.8429752066115705
4.198347107438017 5.859504132231405
1.71900826446281 5.818181818181818
5.008264462809917 5.8264462809917354
0.4462809917355372 5.8429752066115705
4.652892561983471 5.793388429752066
7.446280991735537 5.809917355371901
3.7520661157024793 5.776859504132231
6.363636363636363 5.776859504132231
3.958677685950413 5.793388429752066
1.9504132231404958 5.801652892561983
0.2396694214876033 5.768595041322314
5.7272727272727275 5.776859504132231
0.9090909090909091 5.768595041322314
5.206611570247934 5.743801652892562
2.8264462809917354 5.768595041322314
2.5867768595041323 5.743801652892562
8.206611570247935 5.702479338842975
7.966942148760331 5.702479338842975
3.371900826446281 5.7190082644628095
0.5867768595041323 5.677685950413223
8.421487603305785 5.677685950413223
6.983471074380165 5.677685950413223
6.776859504132231 5.7272727272727275
6.190082644628099 5.669421487603306
7.677685950413223 5.7190082644628095
6.545454545454546 5.677685950413223
4.5041322314049586 5.677685950413223
7.206611570247934 5.694214876033058
7.223140495867769 5.7190082644628095
5.471074380165289 5.694214876033058
4.859504132231405 5.669421487603306
2.3801652892561984 5.68595041322314
4.305785123966942 5.644628099173554
1.3471074380165289 5.677685950413223
0.03305785123966942 5.636363636363637
4.107438016528926 5.619834710743802
3.1322314049586777 5.652892561983471
2.15702479338843 5.644628099173554
1.5867768595041323 5.644628099173554
5.958677685950414 5.644628099173554
0.4049586776859504 5.6115702479338845
1.7933884297520661 5.603305785123967
0.7520661157024794 5.6115702479338845
1.1322314049586777 5.6115702479338845
1.9917355371900827 5.578512396694215
7.421487603305785 5.578512396694215
7.8347107438016526 5.537190082644628
4.661157024793388 5.56198347107438
2.6942148760330578 5.553719008264463
3.5702479338842976 5.578512396694215
5.735537190082645 5.545454545454546
5.305785123966942 5.537190082644628
2.9173553719008263 5.537190082644628
5.049586776859504 5.545454545454546
3.8264462809917354 5.545454545454546
0.19834710743801653 5.520661157024794
8.305785123966942 5.5041322314049586
6.380165289256198 5.528925619834711
2.4958677685950414 5.487603305785124
6.652892561983471 5.4958677685950414
3.3388429752066116 5.4958677685950414
6.925619834710743 5.4958677685950414
0.5702479338842975 5.471074380165289
8.074380165289256 5.4958677685950414
5.545454545454546 5.454545454545454
4.446280991735537 5.471074380165289
1.28099173553719 5.454545454545454
7.206611570247934 5.454545454545454
4.223140495867769 5.446280991735537
3.9917355371900825 5.43801652892562
0.9338842975206612 5.479338842975206
7.636363636363637 5.454545454545454
6.148760330578512 5.446280991735537
4.8264462809917354 5.43801652892562
3.1487603305785123 5.429752066115703
2.272727272727273 5.454545454545454
5.1735537190082646 5.396694214876033
1.4710743801652892 5.429752066115703
5.925619834710743 5.404958677685951
2.0991735537190084 5.404958677685951
3.6198347107438016 5.380165289256198
1.884297520661157 5.3884297520661155
0.1322314049586777 5.355371900826446
1.6859504132231404 5.404958677685951
0.008264462809917356 5.3884297520661155
0.743801652892562 5.338842975206612
7.429752066115703 5.338842975206612
4.603305785123967 5.338842975206612
5.735537190082645 5.330578512396694
5.363636363636363 5.330578512396694
0.32231404958677684 5.355371900826446
1.1239669421487604 5.330578512396694
2.958677685950413 5.305785123966942
2.6942148760330578 5.330578512396694
3.396694214876033 5.297520661157025
7.851239669421488 5.305785123966942
6.2809917355371905 5.2809917355371905
6.5041322314049586 5.297520661157025
5.0 5.297520661157025
6.768595041322314 5.2809917355371905
4.082644628099174 5.256198347107438
8.396694214876034 5.2727272727272725
3.834710743801653 5.264462809917355
2.4214876033057853 5.2727272727272725
6.991735537190083 5.264462809917355
7.239669421487603 5.223140495867769
5.553719008264463 5.223140495867769
4.347107438016529 5.239669421487603
0.5371900826446281 5.231404958677686
0.9173553719008265 5.214876033057851
8.132231404958677 5.231404958677686
5.917355371900826 5.198347107438017
3.190082644628099 5.206611570247934
7.6115702479338845 5.206611570247934
2.206611570247934 5.198347107438017
1.3471074380165289 5.214876033057851
1.9834710743801653 5.181818181818182
1.7685950413223142 5.190082644628099
0.049586776859504134 5.181818181818182
1.5702479338842976 5.190082644628099
4.785123966942149 5.181818181818182
5.190082644628099 5.1735537190082646
6.115702479338843 5.132231404958677
4.545454545454546 5.132231404958677
3.5867768595041323 5.148760330578512
5.735537190082645 5.115702479338843
0.7107438016528925 5.12396694214876
7.404958677685951 5.099173553719008
6.636363636363637 5.099173553719008
5.3884297520661155 5.099173553719008
3.0165289256198347 5.107438016528926
0.256198347107438 5.132231404958677
4.190082644628099 5.074380165289257
2.8181818181818183 5.107438016528926
1.1074380165289257 5.099173553719008
2.5785123966942147 5.082644628099174
3.3636363636363638 5.074380165289257
3.9917355371900825 5.066115702479339
7.917355371900826 5.074380165289257
7.206611570247934 5.033057851239669
6.363636363636363 5.0578512396694215
1.8760330578512396 5.016528925619835
1.4793388429752066 5.008264462809917
4.991735537190083 5.024793388429752
3.1735537190082646 4.991735537190083
1.6611570247933884 4.991735537190083
0.4628099173553719 5.024793388429752
8.347107438016529 5.033057851239669
6.983471074380165 5.024793388429752
3.760330578512397 5.016528925619835
8.132231404958677 4.991735537190083
2.347107438016529 5.016528925619835
0.09090909090909091 4.983471074380165
7.570247933884297 4.983471074380165
4.355371900826446 4.983471074380165
0.8760330578512396 4.991735537190083
5.223140495867769 4.958677685950414
6.768595041322314 4.975206611570248
5.900826446280992 4.966942148760331
5.619834710743802 4.958677685950414
2.1074380165289255 4.966942148760331
5.413223140495868 4.917355371900826
2.9338842975206614 4.925619834710743
1.2892561983471074 4.950413223140496
2.71900826446281 4.900826446280992
6.148760330578512 4.917355371900826
3.909090909090909 4.892561983471074
8.454545454545455 4.851239669421488
7.768595041322314 4.909090909090909
7.371900826446281 4.884297520661157
6.56198347107438 4.884297520661157
3.5289256198347108 4.909090909090909
0.24793388429752067 4.884297520661157
0.6611570247933884 4.884297520661157
4.115702479338843 4.867768595041323
1.71900826446281 4.8429752066115705
8.264462809917354 4.8347107438016526
7.1570247933884295 4.8264462809917354
2.4958677685950414 4.8429752066115705
1.0495867768595042 4.851239669421488
1.9173553719008265 4.818181818181818
6.355371900826446 4.801652892561983
3.71900826446281 4.801652892561983
5.066115702479339 4.801652892561983
0.4462809917355372 4.801652892561983
8.0 4.809917355371901
6.9421487603305785 4.793388429752066
1.421487603305785 4.793388429752066
0.04132231404958678 4.776859504132231
2.256198347107438 4.776859504132231
5.743801652892562 4.768595041322314
0.8347107438016529 4.760330578512397
5.2727272727272725 4.75206611570248
5.5041322314049586 4.743801652892562
5.975206611570248 4.735537190082645
3.9338842975206614 4.7272727272727275
3.3636363636363638 4.735537190082645
6.7190082644628095 4.735537190082645
6.190082644628099 4.7190082644628095
2.87603305785124 4.7190082644628095
7.785123966942149 4.702479338842975
4.305785123966942 4.735537190082645
7.56198347107438 4.7272727272727275
1.5702479338842976 4.677685950413223
8.380165289256198 4.677685950413223
4.107438016528926 4.669421487603306
1.2066115702479339 4.694214876033058
0.628099173553719 4.661157024793388
0.23140495867768596 4.669421487603306
7.297520661157025 4.669421487603306
4.909090909090909 4.652892561983471
2.669421487603306 4.68595041322314
6.528925619834711 4.661157024793388
3.56198347107438 4.669421487603306
2.074380165289256 4.669421487603306
7.074380165289257 4.619834710743802
6.87603305785124 4.603305785123967
0.4380165289256198 4.6115702479338845
0.9834710743801653 4.6115702479338845
8.15702479338843 4.628099173553719
2.4214876033057853 4.6115702479338845
3.0082644628099175 4.578512396694215
3.7520661157024793 4.578512396694215
5.595041322314049 4.578512396694215
5.355371900826446 4.553719008264463
7.917355371900826 4.545454545454546
5.107438016528926 4.553719008264463
3.206611570247934 4.545454545454546
1.3636363636363635 4.545454545454546
6.322314049586777 4.545454545454546
6.082644628099174 4.528925619834711
5.8347107438016526 4.537190082644628
3.958677685950413 4.520661157024794
0.7933884297520661 4.520661157024794
0.04132231404958678 4.537190082644628
4.413223140495868 4.520661157024794
7.669421487603306 4.520661157024794
6.710743801652892 4.512396694214876
3.396694214876033 4.5041322314049586
4.87603305785124 4.471074380165289
2.603305785123967 4.487603305785124
2.239669421487603 4.512396694214876
2.8264462809917354 4.479338842975206
7.1735537190082646 4.462809917355372
8.347107438016529 4.471074380165289
4.644628099173554 4.487603305785124
2.024793388429752 4.446280991735537
1.56198347107438 4.454545454545454
1.1322314049586777 4.446280991735537
0.5454545454545454 4.454545454545454
4.1652892561983474 4.462809917355372
7.413223140495868 4.454545454545454
3.603305785123967 4.421487603305785
6.512396694214876 4.421487603305785
0.2727272727272727 4.413223140495868
8.115702479338843 4.396694214876033
8.454545454545455 4.347107438016529
6.9421487603305785 4.404958677685951
3.041322314049587 4.371900826446281
5.223140495867769 4.363636363636363
1.8181818181818181 4.363636363636363
5.933884297520661 4.338842975206612
3.8181818181818183 4.355371900826446
7.586776859504132 4.31404958677686
6.140495867768595 4.347107438016529
5.471074380165289 4.363636363636363
4.743801652892562 4.305785123966942
0.03305785123966942 4.31404958677686
2.4214876033057853 4.338842975206612
4.330578512396694 4.305785123966942
3.2479338842975207 4.31404958677686
5.7190082644628095 4.305785123966942
4.545454545454546 4.2809917355371905
2.8925619834710745 4.2809917355371905
2.677685950413223 4.305785123966942
2.1983471074380163 4.2809917355371905
6.7190082644628095 4.289256198347108
6.338842975206612 4.289256198347108
1.3471074380165289 4.297520661157025
0.9421487603305785 4.289256198347108
0.71900826446281 4.289256198347108
3.4628099173553717 4.256198347107438
1.9917355371900827 4.239669421487603
1.6115702479338843 4.256198347107438
1.140495867768595 4.231404958677686
3.677685950413223 4.206611570247934
4.132231404958677 4.206611570247934
8.314049586776859 4.223140495867769
7.380165289256198 4.206611570247934
7.140495867768595 4.214876033057851
3.925619834710744 4.1735537190082646
0.4628099173553719 4.214876033057851
8.082644628099173 4.181818181818182
6.528925619834711 4.181818181818182
5.991735537190083 4.1652892561983474
6.909090909090909 4.1652892561983474
6.181818181818182 4.148760330578512
5.132231404958677 4.1652892561983474
1.8016528925619835 4.1570247933884295
0.21487603305785125 4.1652892561983474
5.338842975206612 4.148760330578512
7.603305785123967 4.115702479338843
3.0661157024793386 4.12396694214876
4.512396694214876 4.090909090909091
5.801652892561983 4.099173553719008
5.570247933884297 4.107438016528926
4.305785123966942 4.090909090909091
4.743801652892562 4.099173553719008
2.5702479338842976 4.107438016528926
1.2479338842975207 4.082644628099174
0.8347107438016529 4.090909090909091
7.900826446280992 4.074380165289257
2.809917355371901 4.090909090909091
2.090909090909091 4.074380165289257
0.01652892561983471 4.099173553719008
2.3388429752066116 4.090909090909091
6.363636363636363 4.0578512396694215
3.3140495867768593 4.074380165289257
6.7272727272727275 4.049586776859504
3.5454545454545454 4.033057851239669
4.958677685950414 4.033057851239669
3.7768595041322315 4.033057851239669
8.190082644628099 4.008264462809917
1.024793388429752 4.033057851239669
7.12396694214876 3.9917355371900825
6.925619834710743 3.975206611570248
4.024793388429752 4.0
7.338842975206612 3.9834710743801653
1.603305785123967 4.0
0.38016528925619836 3.9834710743801653
8.413223140495868 3.9917355371900825
6.181818181818182 3.9669421487603307
5.958677685950414 3.975206611570248
5.1735537190082646 3.958677685950413
6.545454545454546 3.950413223140496
0.6198347107438017 3.9917355371900825
5.413223140495868 3.9338842975206614
2.958677685950413 3.9338842975206614
7.537190082644628 3.9173553719008263
1.8677685950413223 3.950413223140496
1.3636363636363635 3.925619834710744
7.743801652892562 3.9338842975206614
4.644628099173554 3.9173553719008263
4.223140495867769 3.9173553719008263
4.43801652892562 3.909090909090909
0.1652892561983471 3.925619834710744
3.165289256198347 3.9008264462809916
2.272727272727273 3.87603305785124
4.8347107438016526 3.87603305785124
2.479338842975207 3.884297520661157
5.669421487603306 3.9008264462809916
1.1818181818181819 3.87603305785124
3.87603305785124 3.8512396694214877
2.71900826446281 3.87603305785124
2.0330578512396693 3.87603305785124
7.991735537190083 3.87603305785124
3.396694214876033 3.8512396694214877
8.256198347107437 3.8181818181818183
0.8181818181818182 3.834710743801653
0.008264462809917356 3.834710743801653
0.5041322314049587 3.8016528925619837
0.2975206611570248 3.793388429752066
6.793388429752066 3.8181818181818183
6.355371900826446 3.8264462809917354
5.016528925619835 3.8016528925619837
1.7355371900826446 3.8016528925619837
3.652892561983471 3.809917355371901
1.024793388429752 3.7851239669421486
7.214876033057851 3.7851239669421486
5.859504132231405 3.768595041322314
5.24793388429752 3.768595041322314
1.512396694214876 3.768595041322314
8.438016528925619 3.760330578512397
7.413223140495868 3.760330578512397
6.107438016528926 3.760330578512397
3.0 3.7355371900826446
4.0578512396694215 3.7520661157024793
8.099173553719009 3.6942148760330578
5.479338842975206 3.7355371900826446
4.330578512396694 3.727272727272727
6.586776859504132 3.71900826446281
2.15702479338843 3.6942148760330578
1.28099173553719 3.7107438016528924
7.652892561983471 3.727272727272727
2.5785123966942147 3.6859504132231407
4.586776859504132 3.7024793388429753
1.9173553719008265 3.7024793388429753
3.84297520661157 3.6611570247933884
2.8016528925619837 3.6611570247933884
5.68595041322314 3.652892561983471
0.6528925619834711 3.652892561983471
3.2231404958677685 3.669421487603306
2.355371900826446 3.6611570247933884
4.859504132231405 3.652892561983471
3.479338842975207 3.6363636363636362
6.330578512396694 3.6115702479338845
7.008264462809917 3.628099173553719
0.4214876033057851 3.6198347107438016
8.28099173553719 3.603305785123967
7.909090909090909 3.628099173553719
7.297520661157025 3.5785123966942147
5.859504132231405 3.5867768595041323
1.7024793388429753 3.5950413223140494
5.322314049586777 3.5785123966942147
1.1239669421487604 3.6115702479338845
0.14049586776859505 3.6198347107438016
5.099173553719008 3.5950413223140494
4.198347107438017 3.56198347107438
3.669421487603306 3.56198347107438
0.8760330578512396 3.5950413223140494
7.4958677685950414 3.5454545454545454
1.4793388429752066 3.5454545454545454
8.438016528925619 3.5454545454545454
6.776859504132231 3.553719008264463
6.115702479338843 3.5454545454545454
7.710743801652892 3.512396694214876
5.5041322314049586 3.5041322314049586
3.809917355371901 3.4628099173553717
2.8595041322314048 3.479338842975207
4.0 3.4958677685950414
8.107438016528926 3.487603305785124
4.677685950413223 3.4958677685950414
3.3140495867768593 3.479338842975207
3.0661157024793386 3.487603305785124
0.008264462809917356 3.4545454545454546
2.6363636363636362 3.487603305785124
6.537190082644628 3.4958677685950414
2.15702479338843 3.4958677685950414
1.9008264462809918 3.479338842975207
4.413223140495868 3.479338842975207
3.520661157024793 3.43801652892562
5.933884297520661 3.4297520661157024
2.4132231404958677 3.446280991735537
7.1652892561983474 3.4297520661157024
5.710743801652892 3.4214876033057853
4.950413223140496 3.4297520661157024
0.5619834710743802 3.4297520661157024
8.305785123966942 3.3801652892561984
7.380165289256198 3.3801652892561984
1.2727272727272727 3.4214876033057853
1.0165289256198347 3.3884297520661155
0.7851239669421488 3.3801652892561984
8.454545454545455 3.330578512396694
4.553719008264463 3.3388429752066116
6.950413223140496 3.3801652892561984
6.305785123966942 3.3884297520661155
3.669421487603306 3.3636363636363638
1.4793388429752066 3.355371900826446
7.87603305785124 3.371900826446281
7.595041322314049 3.355371900826446
6.735537190082645 3.3388429752066116
6.090909090909091 3.322314049586777
4.1735537190082646 3.3388429752066116
2.0165289256198347 3.2975206611570247
1.6942148760330578 3.355371900826446
2.950413223140496 3.3057851239669422
4.760330578512397 3.2892561983471076
3.1735537190082646 3.2892561983471076
2.727272727272727 3.2975206611570247
2.256198347107438 3.2644628099173554
0.04132231404958678 3.272727272727273
3.909090909090909 3.2644628099173554
8.115702479338843 3.2479338842975207
5.4958677685950414 3.2644628099173554
2.4958677685950414 3.2479338842975207
7.7190082644628095 3.1983471074380163
6.520661157024794 3.2479338842975207
3.4214876033057853 3.2644628099173554
4.380165289256198 3.2231404958677685
1.3636363636363635 3.190082644628099
1.56198347107438 3.1818181818181817
1.1322314049586777 3.2148760330578514
5.008264462809917 3.1983471074380163
0.9090909090909091 3.190082644628099
6.330578512396694 3.15702479338843
4.586776859504132 3.1735537190082646
1.8760330578512396 3.1735537190082646
8.338842975206612 3.165289256198347
0.6528925619834711 3.1735537190082646
6.140495867768595 3.1322314049586777
6.966942148760331 3.1487603305785123
6.735537190082645 3.12396694214876
3.2644628099173554 3.090909090909091
7.479338842975206 3.1404958677685952
3.652892561983471 3.12396694214876
2.074380165289256 3.0991735537190084
2.793388429752066 3.090909090909091
5.264462809917355 3.0991735537190084
3.041322314049587 3.0826446280991737
7.909090909090909 3.090909090909091
4.801652892561983 3.0661157024793386
1.7107438016528926 3.049586776859504
2.330578512396694 3.0661157024793386
5.5041322314049586 3.0330578512396693
0.14049586776859505 3.0578512396694215
2.56198347107438 3.024793388429752
3.4297520661157024 3.0165289256198347
5.024793388429752 3.0
3.87603305785124 3.024793388429752
7.338842975206612 2.975206611570248
8.396694214876034 2.958677685950413
1.2727272727272727 3.0082644628099175
0.008264462809917356 2.925619834710744
0.8181818181818182 2.9917355371900825
0.35537190082644626 2.975206611570248
7.702479338842975 2.975206611570248
6.528925619834711 2.9917355371900825
1.9090909090909092 2.950413223140496
1.5041322314049588 2.9669421487603307
1.0495867768595042 2.9834710743801653
6.0578512396694215 2.9421487603305785
7.917355371900826 2.909090909090909
5.190082644628099 2.8925619834710745
2.9338842975206614 2.9008264462809916
6.289256198347108 2.9421487603305785
7.5041322314049586 2.884297520661157
3.603305785123967 2.8925619834710745
2.743801652892562 2.884297520661157
0.5702479338842975 2.9173553719008263
4.033057851239669 2.8512396694214877
6.793388429752066 2.884297520661157
4.24793388429752 2.8595041322314048
3.1818181818181817 2.8925619834710745
2.1322314049586777 2.87603305785124
4.801652892561983 2.8512396694214877
5.619834710743802 2.834710743801653
2.3801652892561984 2.8595041322314048
0.1322314049586777 2.8264462809917354
5.3884297520661155 2.84297520661157
1.371900826446281 2.809917355371901
1.7272727272727273 2.8264462809917354
5.87603305785124 2.809917355371901
8.446280991735538 2.7768595041322315
3.8016528925619837 2.7851239669421486
5.016528925619835 2.7851239669421486
3.3884297520661155 2.8016528925619837
7.768595041322314 2.7768595041322315
1.1900826446280992 2.768595041322314
6.545454545454546 2.768595041322314
3.0165289256198347 2.7355371900826446
0.9917355371900827 2.743801652892562
8.272727272727273 2.7520661157024793
2.5950413223140494 2.7520661157024793
6.140495867768595 2.743801652892562
0.3305785123966942 2.7355371900826446
0.008264462809917356 2.7024793388429753
7.330578512396694 2.743801652892562
5.231404958677686 2.7024793388429753
4.1735537190082646 2.7024793388429753
0.768595041322314 2.7355371900826446
6.900826446280992 2.7024793388429753
1.9421487603305785 2.71900826446281
7.553719008264463 2.6942148760330578
2.8181818181818183 2.6942148760330578
4.3884297520661155 2.677685950413223
3.5950413223140494 2.677685950413223
0.5371900826446281 2.669421487603306
1.5289256198347108 2.6942148760330578
5.7190082644628095 2.644628099173554
4.859504132231405 2.644628099173554
5.512396694214876 2.644628099173554
3.9834710743801653 2.644628099173554
3.1983471074380163 2.644628099173554
6.347107438016529 2.6611570247933884
2.1983471074380163 2.6363636363636362
4.636363636363637 2.6363636363636362
5.933884297520661 2.5950413223140494
0.1322314049586777 2.603305785123967
6.702479338842975 2.6198347107438016
8.421487603305785 2.5867768595041323
2.43801652892562 2.603305785123967
1.743801652892562 2.5867768595041323
5.074380165289257 2.56198347107438
3.4132231404958677 2.553719008264463
0.008264462809917356 2.512396694214876
7.115702479338843 2.5785123966942147
7.743801652892562 2.553719008264463
2.644628099173554 2.5454545454545454
6.512396694214876 2.520661157024793
3.768595041322314 2.553719008264463
1.322314049586777 2.5702479338842976
8.181818181818182 2.5289256198347108
1.0991735537190082 2.5371900826446283
0.9008264462809917 2.5289256198347108
1.9669421487603307 2.5041322314049586
6.859504132231405 2.487603305785124
6.148760330578512 2.5041322314049586
5.297520661157025 2.512396694214876
1.5867768595041323 2.479338842975207
4.198347107438017 2.487603305785124
2.9834710743801653 2.512396694214876
4.462809917355372 2.4710743801652892
0.6611570247933884 2.479338842975207
7.479338842975206 2.479338842975207
5.512396694214876 2.446280991735537
3.2231404958677685 2.446280991735537
4.892561983471074 2.43801652892562
5.958677685950414 2.4049586776859506
5.735537190082645 2.43801652892562
8.37190082644628 2.4049586776859506
2.15702479338843 2.3884297520661155
7.933884297520661 2.4297520661157024
5.12396694214876 2.3801652892561984
4.68595041322314 2.4049586776859506
7.256198347107438 2.3884297520661155
1.7768595041322315 2.371900826446281
3.9421487603305785 2.3884297520661155
1.396694214876033 2.3884297520661155
6.619834710743802 2.355371900826446
3.669421487603306 2.347107438016529
2.8016528925619837 2.371900826446281
2.603305785123967 2.3388429752066116
0.12396694214876033 2.371900826446281
0.9917355371900827 2.3388429752066116
7.024793388429752 2.3388429752066116
2.3884297520661155 2.355371900826446
6.347107438016529 2.355371900826446
3.4132231404958677 2.3388429752066116
1.9669421487603307 2.2975206611570247
8.148760330578513 2.3057851239669422
6.809917355371901 2.2892561983471076
4.537190082644628 2.28099173553719
4.31404958677686 2.2892561983471076
1.1900826446280992 2.3057851239669422
1.5867768595041323 2.2892561983471076
7.677685950413223 2.2975206611570247
5.578512396694215 2.2479338842975207
4.12396694214876 2.2644628099173554
5.347107438016529 2.272727272727273
0.8099173553719008 2.272727272727273
6.016528925619835 2.239669421487603
5.809917355371901 2.239669421487603
2.272727272727273 2.206611570247934
8.446280991735538 2.231404958677686
4.950413223140496 2.231404958677686
3.0991735537190084 2.256198347107438
7.413223140495868 2.239669421487603
4.7272727272727275 2.206611570247934
7.859504132231405 2.206611570247934
0.5619834710743802 2.2479338842975207
4.223140495867769 2.165289256198347
2.9008264462809916 2.1735537190082646
8.289256198347108 2.165289256198347
7.1652892561983474 2.1735537190082646
2.7024793388429753 2.165289256198347
1.7768595041322315 2.1735537190082646
2.1074380165289255 2.15702479338843
1.3801652892561984 2.165289256198347
3.56198347107438 2.1322314049586777
0.06611570247933884 2.15702479338843
6.68595041322314 2.12396694214876
6.479338842975206 2.1404958677685952
2.4710743801652892 2.1487603305785123
0.3140495867768595 2.1487603305785123
6.933884297520661 2.1074380165289255
4.404958677685951 2.115702479338843
3.2975206611570247 2.1074380165289255
8.041322314049587 2.1074380165289255
5.181818181818182 2.0991735537190084
4.628099173553719 2.049586776859504
5.429752066115703 2.0661157024793386
2.2644628099173554 2.0578512396694215
1.578512396694215 2.0661157024793386
1.0082644628099173 2.0991735537190084
5.917355371900826 2.049586776859504
1.9338842975206612 2.0330578512396693
0.7355371900826446 2.041322314049587
5.669421487603306 2.049586776859504
7.586776859504132 2.049586776859504
3.049586776859504 2.0165289256198347
7.322314049586777 2.024793388429752
4.041322314049586 2.0165289256198347
1.1818181818181819 2.0
4.867768595041323 2.0165289256198347
8.214876033057852 1.975206611570248
2.4214876033057853 1.9421487603305785
2.6115702479338845 1.9669421487603307
8.421487603305785 1.9834710743801653
7.818181818181818 1.9834710743801653
2.8264462809917354 1.975206611570248
6.776859504132231 1.9504132231404958
1.7603305785123966 1.9504132231404958
4.256198347107438 1.9669421487603307
0.512396694214876 1.9669421487603307
2.0826446280991737 1.9338842975206612
1.3884297520661157 1.9338842975206612
5.082644628099174 1.9090909090909092
4.702479338842975 1.884297520661157
3.6859504132231407 1.9173553719008265
3.4710743801652892 1.9173553719008265
3.231404958677686 1.8925619834710743
3.9173553719008263 1.8512396694214877
0.9008264462809917 1.884297520661157
7.190082644628099 1.8677685950413223
5.305785123966942 1.8760330578512396
4.479338842975206 1.884297520661157
8.03305785123967 1.859504132231405
7.446280991735537 1.8512396694214877
6.975206611570248 1.8760330578512396
6.049586776859504 1.8512396694214877
5.809917355371901 1.8512396694214877
1.9090909090909092 1.834710743801653
6.553719008264463 1.884297520661157
0.008264462809917356 1.7933884297520661
5.545454545454546 1.8429752066115703
6.289256198347108 1.8429752066115703
0.6694214876033058 1.8264462809917354
8.446280991735538 1.7851239669421488
7.652892561983471 1.8099173553719008
4.115702479338843 1.8099173553719008
2.958677685950413 1.8181818181818181
1.5454545454545454 1.8264462809917354
7.8347107438016526 1.7768595041322315
2.7355371900826446 1.7851239669421488
2.5041322314049586 1.7768595041322315
1.0826446280991735 1.7933884297520661
6.603305785123967 1.7024793388429753
2.272727272727273 1.7851239669421488
1.71900826446281 1.743801652892562
8.24793388429752 1.7520661157024793
7.297520661157025 1.71900826446281
5.975206611570248 1.6859504132231404
4.884297520661157 1.743801652892562
0.36363636363636365 1.743801652892562
6.776859504132231 1.7272727272727273
3.6363636363636362 1.71900826446281
3.4214876033057853 1.7272727272727273
2.049586776859504 1.7107438016528926
4.619834710743802 1.6942148760330578
3.1487603305785123 1.6942148760330578
0.12396694214876033 1.6694214876033058
1.3305785123966942 1.6859504132231404
7.099173553719008 1.6611570247933884
5.132231404958677 1.677685950413223
4.330578512396694 1.6859504132231404
3.909090909090909 1.6694214876033058
7.4958677685950414 1.6446280991735538
5.776859504132231 1.6446280991735538
0.9173553719008265 1.6528925619834711
1.8677685950413223 1.6363636363636365
8.421487603305785 1.6115702479338843
8.0 1.6363636363636365
5.363636363636363 1.6446280991735538
5.570247933884297 1.6198347107438016
0.5619834710743802 1.6198347107438016
6.1570247933884295 1.6115702479338843
2.628099173553719 1.5867768595041323
2.3884297520661155 1.5702479338842976
2.190082644628099 1.5702479338842976
7.7272727272727275 1.578512396694215
2.884297520661157 1.578512396694215
1.5454545454545454 1.5702479338842976
4.115702479338843 1.5702479338842976
7.289256198347108 1.5289256198347108
6.909090909090909 1.537190082644628
4.801652892561983 1.5206611570247934
3.2975206611570247 1.5206611570247934
3.7520661157024793 1.5289256198347108
0.35537190082644626 1.5206611570247934
2.0082644628099175 1.4958677685950412
1.1239669421487604 1.537190082644628
6.661157024793388 1.5289256198347108
0.7603305785123967 1.5041322314049588
8.198347107438016 1.512396694214876
4.537190082644628 1.5041322314049588
3.090909090909091 1.4793388429752066
5.950413223140496 1.5041322314049588
5.016528925619835 1.462809917355372
3.5289256198347108 1.4793388429752066
1.3388429752066116 1.4462809917355373
0.12396694214876033 1.462809917355372
5.231404958677686 1.43801652892562
7.917355371900826 1.4297520661157024
4.322314049586777 1.4297520661157024
7.090909090909091 1.4297520661157024
2.7024793388429753 1.4049586776859504
2.2644628099173554 1.396694214876033
7.462809917355372 1.421487603305785
1.7768595041322315 1.4297520661157024
6.429752066115703 1.4049586776859504
6.206611570247934 1.396694214876033
5.462809917355372 1.4132231404958677
8.413223140495868 1.4049586776859504
5.710743801652892 1.4132231404958677
4.702479338842975 1.3636363636363635
1.512396694214876 1.3636363636363635
4.148760330578512 1.3471074380165289
0.9504132231404959 1.3801652892561984
0.5289256198347108 1.3801652892561984
3.9338842975206614 1.396694214876033
3.347107438016529 1.3471074380165289
8.099173553719009 1.322314049586777
7.68595041322314 1.3388429752066116
6.024793388429752 1.3140495867768596
0.7355371900826446 1.3057851239669422
7.264462809917355 1.3140495867768596
0.2975206611570248 1.2975206611570247
2.9173553719008263 1.322314049586777
2.487603305785124 1.3305785123966942
1.1570247933884297 1.3057851239669422
6.652892561983471 1.2975206611570247
3.7107438016528924 1.2975206611570247
2.074380165289256 1.3057851239669422
4.900826446280992 1.28099173553719
6.87603305785124 1.2892561983471074
4.520661157024794 1.2727272727272727
3.1487603305785123 1.2644628099173554
1.6611570247933884 1.2644628099173554
0.008264462809917356 1.28099173553719
3.512396694214876 1.2479338842975207
7.082644628099174 1.2314049586776858
5.115702479338843 1.2396694214876034
5.338842975206612 1.2314049586776858
1.3471074380165289 1.2231404958677685
7.892561983471074 1.1983471074380165
6.148760330578512 1.1900826446280992
5.8429752066115705 1.1900826446280992
6.347107438016529 1.1983471074380165
3.87603305785124 1.1735537190082646
7.454545454545454 1.1983471074380165
4.305785123966942 1.2066115702479339
2.272727272727273 1.1818181818181819
1.884297520661157 1.1818181818181819
8.305785123966942 1.1900826446280992
5.578512396694215 1.165289256198347
4.7190082644628095 1.1570247933884297
1.5041322314049588 1.1487603305785123
4.0578512396694215 1.165289256198347
2.7107438016528924 1.1735537190082646
0.8760330578512396 1.1570247933884297
3.3140495867768593 1.1322314049586777
6.545454545454546 1.115702479338843
7.231404958677686 1.0909090909090908
0.19834710743801653 1.1074380165289257
8.082644628099173 1.0826446280991735
1.1818181818181819 1.0826446280991735
8.446280991735538 1.0330578512396693
6.760330578512397 1.0743801652892562
2.090909090909091 1.0661157024793388
3.71900826446281 1.0578512396694215
2.4710743801652892 1.0661157024793388
4.925619834710743 1.0495867768595042
3.090909090909091 1.0495867768595042
7.669421487603306 1.0578512396694215
5.148760330578512 1.024793388429752
6.231404958677686 1.0
6.024793388429752 1.0082644628099173
4.512396694214876 1.024793388429752
3.5041322314049586 1.0165289256198347
0.008264462809917356 1.0082644628099173
1.0 1.0
6.991735537190083 1.0165289256198347
6.404958677685951 0.9834710743801653
3.950413223140496 0.9834710743801653
5.785123966942149 0.9917355371900827
5.380165289256198 1.0
4.239669421487603 1.0
1.56198347107438 0.9669421487603306
4.7272727272727275 0.9669421487603306
1.3636363636363635 0.9834710743801653
7.884297520661157 0.9669421487603306
2.28099173553719 0.9504132231404959
0.8016528925619835 0.9586776859504132
7.421487603305785 0.9586776859504132
2.8595041322314048 0.9586776859504132
5.578512396694215 0.9504132231404959
1.9256198347107438 0.9504132231404959
3.272727272727273 0.9173553719008265
2.6363636363636362 0.9338842975206612
8.289256198347108 0.9338842975206612
6.586776859504132 0.9090909090909091
5.049586776859504 0.8842975206611571
8.066115702479339 0.8760330578512396
7.190082644628099 0.8677685950413223
1.7272727272727273 0.859504132231405
2.115702479338843 0.8347107438016529
7.702479338842975 0.8264462809917356
6.793388429752066 0.8429752066115702
5.909090909090909 0.8181818181818182
4.404958677685951 0.8264462809917356
3.669421487603306 0.8347107438016529
3.446280991735537 0.8099173553719008
3.0578512396694215 0.8181818181818182
1.1735537190082646 0.8512396694214877
5.24793388429752 0.8099173553719008
0.008264462809917356 0.7933884297520661
6.371900826446281 0.7851239669421488
6.140495867768595 0.8016528925619835
3.8925619834710745 0.7851239669421488
0.9338842975206612 0.7933884297520661
5.702479338842975 0.7851239669421488
4.87603305785124 0.8016528925619835
4.140495867768595 0.8099173553719008
1.4710743801652892 0.7851239669421488
0.47107438016528924 0.7933884297520661
7.0 0.768595041322314
2.43801652892562 0.8016528925619835
0.6776859504132231 0.7851239669421488
8.363636363636363 0.743801652892562
5.471074380165289 0.768595041322314
4.644628099173554 0.7768595041322314
3.256198347107438 0.71900826446281
7.4958677685950414 0.7355371900826446
2.84297520661157 0.7355371900826446
7.909090909090909 0.7272727272727273
5.0578512396694215 0.6942148760330579
2.644628099173554 0.6942148760330579
1.2727272727272727 0.6694214876033058
6.603305785123967 0.6942148760330579
4.4958677685950414 0.6528925619834711
1.9256198347107438 0.6942148760330579
6.008264462809917 0.6446280991735537
2.256198347107438 0.6446280991735537
8.15702479338843 0.6694214876033058
7.256198347107438 0.6446280991735537
0.3140495867768595 0.628099173553719
5.809917355371901 0.628099173553719
6.818181818181818 0.628099173553719
5.595041322314049 0.6033057851239669
4.289256198347108 0.6198347107438017
1.6694214876033058 0.628099173553719
3.7851239669421486 0.6198347107438017
4.049586776859504 0.6033057851239669
1.0578512396694215 0.6033057851239669
3.5371900826446283 0.6115702479338843
7.7190082644628095 0.6033057851239669
3.041322314049587 0.5867768595041323
0.8099173553719008 0.5867768595041323
8.446280991735538 0.5702479338842975
0.0743801652892562 0.5867768595041323
0.5289256198347108 0.5619834710743802
7.041322314049586 0.5454545454545454
4.917355371900826 0.5537190082644629
3.28099173553719 0.5371900826446281
2.4958677685950414 0.5454545454545454
2.074380165289256 0.5206611570247934
6.396694214876033 0.5371900826446281
4.68595041322314 0.5371900826446281
1.43801652892562 0.5371900826446281
5.115702479338843 0.49586776859504134
6.181818181818182 0.5041322314049587
7.520661157024794 0.49586776859504134
6.652892561983471 0.47107438016528924
2.7768595041322315 0.49586776859504134
7.9421487603305785 0.4793388429752066
8.24793388429752 0.45454545454545453
5.925619834710743 0.47107438016528924
7.305785123966942 0.4462809917355372
4.214876033057851 0.45454545454545453
4.454545454545454 0.4462809917355372
3.9338842975206614 0.4462809917355372
1.8429752066115703 0.4462809917355372
1.1983471074380165 0.4462809917355372
5.68595041322314 0.4297520661157025
0.9504132231404959 0.4049586776859504
3.7024793388429753 0.4049586776859504
6.867768595041323 0.39669421487603307
2.272727272727273 0.4132231404958678
0.7107438016528925 0.3884297520661157
7.694214876033058 0.371900826446281
0.2892561983471074 0.3884297520661157
3.446280991735537 0.38016528925619836
1.6115702479338843 0.371900826446281
3.1487603305785123 0.35537190082644626
8.438016528925619 0.33884297520661155
7.066115702479339 0.3305785123966942
5.471074380165289 0.32231404958677684
0.48760330578512395 0.3305785123966942
0.05785123966942149 0.3305785123966942
5.016528925619835 0.32231404958677684
2.9173553719008263 0.32231404958677684
8.057851239669422 0.30578512396694213
5.231404958677686 0.3140495867768595
7.454545454545454 0.2892561983471074
6.487603305785124 0.3140495867768595
4.570247933884297 0.2892561983471074
6.074380165289257 0.2975206611570248
4.801652892561983 0.3140495867768595
4.338842975206612 0.2727272727272727
2.6942148760330578 0.2809917355371901
2.049586776859504 0.2975206611570248
5.8264462809917354 0.2727272727272727
6.330578512396694 0.2727272727272727
4.090909090909091 0.2727272727272727
2.479338842975207 0.2727272727272727
8.256198347107437 0.2396694214876033
1.371900826446281 0.2644628099173554
7.239669421487603 0.23140495867768596
6.702479338842975 0.2396694214876033
1.115702479338843 0.2396694214876033
0.6363636363636364 0.19008264462809918
0.859504132231405 0.2231404958677686
7.8347107438016526 0.21487603305785125
6.900826446280992 0.19008264462809918
2.231404958677686 0.17355371900826447
1.8016528925619835 0.19834710743801653
7.6115702479338845 0.1652892561983471
3.743801652892562 0.19008264462809918
8.413223140495868 0.1322314049586777
3.330578512396694 0.1652892561983471
0.008264462809917356 0.1322314049586777
5.371900826446281 0.1322314049586777
5.132231404958677 0.12396694214876033
3.975206611570248 0.10743801652892562
5.628099173553719 0.14049586776859505
3.0661157024793386 0.12396694214876033
0.2231404958677686 0.12396694214876033
7.421487603305785 0.09090909090909091
7.0578512396694215 0.09917355371900827
4.917355371900826 0.09090909090909091
2.834710743801653 0.09917355371900827
2.5950413223140494 0.09090909090909091
1.537190082644628 0.10743801652892562
1.2066115702479339 0.08264462809917356
8.297520661157025 0.008264462809917356
7.7190082644628095 0.008264462809917356
7.239669421487603 0.008264462809917356
6.768595041322314 0.01652892561983471
6.56198347107438 0.06611570247933884
6.347107438016529 0.049586776859504134
6.1652892561983474 0.0743801652892562
5.950413223140496 0.08264462809917356
5.785123966942149 0.008264462809917356
5.264462809917355 0.008264462809917356
4.669421487603306 0.0743801652892562
4.479338842975206 0.0743801652892562
4.239669421487603 0.0743801652892562
3.834710743801653 0.008264462809917356
3.5371900826446283 0.01652892561983471
2.396694214876033 0.024793388429752067
2.1818181818181817 0.008264462809917356
2.0082644628099175 0.05785123966942149
1.8099173553719008 0.008264462809917356
1.3636363636363635 0.008264462809917356
0.9752066115702479 0.04132231404958678
0.743801652892562 0.01652892561983471
0.47107438016528924 0.049586776859504134
